NaN
0.1313
0.19485
0.07585
0.32615
0.0987
0.1973
0.3613
0.3647
0.0089
0.4185
0.08725
0.3997
0.5415
0.18655
0.6178
0.5905
0.1195
0.4796
0.1182
0.746
0.1246
0.44975
0.10825
0.3203
0.386
0.01045
0.40915
0.00645
0.0162
0.01625
0.01305
0.0144
0.2056
0.0102
0.02355
0.13345
0.77345
0.4917
0.30605
NaN
0.8267
0.0263
0.02955
0.03965
0.3114
0.0396
0.1622
0.86645
0.2806
0.08115
0.11365
0.89925
0.19175
0.03165
0.309
0.03305
0.02025
0.13335
0.00585
0.061
0.1547
0.0514
0.0354
0.13815
0.01885
0.321
0.15745
0.0122
0.01325
0.35585
0.04855
0.264
0.03765
0.1026
0.03955
0.0966
0.17855
0.12105
0.0271
0.0045
0.0547
0.1686
0.2184
0.1544
0.05105
0.06785
0.00435
0.00695
0.02095
0.0027
0.025
0.00205
0.16195
0.42845
0.04445
0.05375
0.64565
0.08155
0.06505
0.0173
0.3005
NaN
0.4037
0.0936
0.1866
0.15725
0.1049
0.63825
0.131
0.0232
0.0073
0.7066
0.1519
0.5222
0.21195
0.1284
0.1359
0.08025
0.0985
0.25725
0.04355
0.0564
0.05095
1.5349
0.3597
0.3918
0.1866
0.2788
0.37395
0.16865
0.42535
0.10235
0.54015
0.2066
0.39455
0.02445
NaN
0.19385
0.0019
