2.7071e-11
2.8812e-11
2.2607e-11
8.2989e-11
1.1185e-11
1.1541e-10
1.1313e-10
2.2824e-11
1.9838e-11
1.2607e-11
3.7157e-11
4.8848e-11
4.4e-11
1.2658e-10
1.8187e-11
9.4566e-12
3.9142e-11
4.4478e-11
3.4249e-11
1.6397e-11
1.4053e-11
2.1764e-11
4.5439e-11
7.255e-12
8.3762e-12
1.503e-11
8.0807e-12
3.0207e-11
9.7037e-12
2.3998e-11
4.1931e-11
1.3037e-11
2.5674e-11
1.7197e-11
1.2199e-11
1.4096e-11
1.2237e-11
3.5728e-11
1.4199e-11
3.2329e-11
2.3374e-11
1.0799e-11
6.2633e-11
5.736e-11
5.3598e-11
1.5079e-11
1.3572e-10
1.0223e-10
2.4999e-11
9.3038e-11
1.4305e-11
1.1941e-11
1.4751e-11
1.417e-11
1.9102e-11
2.361e-11
2.6033e-11
4.3379e-11
1.6635e-11
1.7217e-11
1.5114e-11
1.4826e-11
2.3153e-11
1.9705e-11
2.5093e-11
1.7993e-11
1.8892e-11
1.7077e-11
1.5099e-11
1.0148e-11
1.7477e-11
2.0323e-11
1.5076e-11
4.863e-11
2.5634e-11
8.1361e-11
8.6882e-11
1.7327e-11
2.2701e-11
1.3095e-11
2.2647e-11
1.8164e-11
1.1461e-11
1.5491e-11
9.8909e-11
1.3299e-11
2.3305e-11
1.5057e-11
2.0538e-11
1.4017e-11
2.2822e-11
1.8314e-11
2.1383e-11
2.4902e-11
3.6462e-11
7.1577e-12
4.8292e-11
2.0141e-11
7.5812e-12
9.5701e-11
1.6341e-11
2.1209e-11
1.1452e-11
9.1169e-11
1.0055e-11
2.5143e-11
8.5081e-11
1.1915e-11
3.8615e-11
1.3742e-11
4.7366e-11
2.0566e-11
1.4959e-11
3.0691e-11
4.2553e-11
3.2838e-11
1.8381e-11
4.7921e-11
1.3226e-11
1.9832e-11
1.4275e-11
1.9411e-11
1.3851e-10
6.7958e-11
3.1223e-11
2.9464e-11
2.1573e-11
4.8786e-11
1.3464e-10
1.6624e-11
2.5136e-11
1.8138e-11
2.4731e-11
9.7345e-11
3.0073e-11
2.4101e-11
3.1034e-11
1.0081e-11
1.1626e-11
1.8678e-11
