0.00425	0.0087	0.00525	1.3907e-13	1.1435	1.8461e-11	0.90284	2.6695e-12	0.0118	0.0118
0.00905	0.00475	0.00085	2.6846e-14	1.1308	3.5622e-12	0.5534	1.6279e-12	0.0118	0.0118
0.00295	0.0037	0.0014	9.4262e-14	1.2119	2.7437e-11	0.98913	1.6151e-12	0.0118	0.00435
0.0017	0.0077	0.00505	7.3892e-14	1.1112	9.8107e-12	0.52599	4.8166e-12	0.00435	0.0118
-0.001	0.0033	0.00325	2.2511e-14	1.1293	3.0037e-12	0.43092	1.9098e-12	0.0118	0.0118
0.00115	0.0023	0.002	1.7947e-14	1.5141	2.3755e-12	0.4193	1.5617e-12	0.0118	0.0118
0.00295	0.007	0.0047	1.2082e-13	1.2496	1.6044e-11	0.95441	1.5235e-12	0.0118	0.0118
0.01155	0.0011	0.0001	1.7229e-14	1.1782	2.3061e-12	0.35172	1.8635e-12	0.0118	0.0118
0.00195	0.00675	0.00545	9.6006e-14	1.2245	1.2748e-11	0.92073	1.6403e-12	0.0118	0.0118
0.0034	0.0078	0.00515	1.6768e-13	1.22	2.2256e-11	0.97024	1.6864e-12	0.0118	0.0118
0.00255	0.00475	0.00275	1.1921e-13	1.34	1.5838e-11	0.88481	2.5324e-12	0.0118	0.0118
0.00395	0.0045	0.0025	2.399e-14	1.3552	3.1841e-12	0.52577	1.5641e-12	0.0118	0.0118
0.00165	0.0021	0.00095	2.2439e-14	1.5065	2.9952e-12	0.3537	2.4049e-12	0.0118	0.0118
0.0013	0.0029	0.0027	3.5646e-14	1.3403	4.7394e-12	0.65752	1.6489e-12	0.0118	0.0118
0.01015	0.0039	0.0005	3.0071e-14	1.1654	3.9916e-12	0.51347	2.0254e-12	0.0118	0.0118
0.00135	0.0022	0.00195	1.248e-14	0.90457	1.6556e-12	0.23934	2.0393e-12	0.0118	0.0118
0.00175	0.00615	0.00525	5.3569e-14	1.2431	7.1088e-12	0.80563	1.5872e-12	0.0118	0.0118
0.00315	0.0035	0.0018	2.1783e-14	1.4407	2.9007e-12	0.50957	1.4871e-12	0.0118	0.0118
0.00655	0.00325	0.0014	3.2507e-14	1.2309	4.3162e-12	0.53046	2.0943e-12	0.0118	0.0118
0.0011	0.00085	0.00055	1.9445e-15	0.80772	2.6311e-13	0.035631	2.2406e-12	0.0118	0.0118
0.00285	0.0046	0.003	3.2214e-14	1.38	4.277e-12	0.68329	1.3876e-12	0.0118	0.0118
0.00655	0.00315	0.00135	2.7168e-14	1.1771	3.6056e-12	0.54534	1.6827e-12	0.0118	0.0118
0.0014	0.001	0.00065	9.1002e-15	1.3784	3.0358e-12	0.45641	2.3871e-12	0.0118	0.00385
0.0015	0.0014	0.0009	3.0596e-16	0.2218	4.6971e-14	0.0068245	2.0897e-12	0.00385	0.0118
0.01135	0.00085	5e-05	-6.59e-15	-0.49246	8.5767e-13	-0.12407	2.1468e-12	0.0118	0.0118
0.00285	0.00265	0.0015	2.2277e-14	1.356	2.9731e-12	0.38662	2.1533e-12	0.0118	0.0118
-0.001	0.00355	0.0035	3.5387e-14	1.415	4.7213e-12	0.61062	1.8592e-12	0.0118	0.0118
0.00235	0.0025	0.0014	3.7546e-14	1.4678	4.9875e-12	0.60848	1.975e-12	0.0118	0.0118
0.0036	0.00605	0.00325	1.392e-13	1.2318	1.8492e-11	0.95285	1.7882e-12	0.0118	0.0118
0.00885	0.00465	0.0018	2.8059e-14	0.8903	3.7141e-12	0.37561	2.7825e-12	0.0118	0.0118
0.00565	0.00375	0.00175	2.2356e-14	1.2028	2.9776e-12	0.48675	1.6225e-12	0.0118	0.0118
0.00285	0.00455	0.0022	5.566e-14	1.3989	7.3891e-12	0.685	2.3861e-12	0.0118	0.0118
0.0037	0.0042	0.0029	3.2654e-14	1.3259	4.3287e-12	0.57709	1.86e-12	0.0118	0.0118
0.00425	0.00475	0.0021	4.038e-14	1.3843	5.3691e-12	0.70482	1.6408e-12	0.0118	0.0118
0.0055	0.0055	0.0039	3.5223e-14	0.89864	4.6776e-12	0.4501	2.8177e-12	0.0118	0.0118
0.0105	0.00055	0.0001	-3.2282e-15	-0.34733	4.2236e-13	-0.070007	1.8452e-12	0.0118	0.0118
0.0052	0.0034	0.002	3.337e-14	1.1004	4.4288e-12	0.47516	2.4901e-12	0.0118	0.0118
0.0008	0.00425	0.00405	4.0586e-14	1.3901	5.3964e-12	0.61217	2.1164e-12	0.0118	0.0118
0.00725	0.00315	0.0013	2.1856e-14	1.3469	2.9048e-12	0.44526	1.7736e-12	0.0118	0.0118
0.00115	0.00275	0.00235	3.6761e-14	1.422	4.8934e-12	0.62863	1.8381e-12	0.0118	0.0118
0.0045	0.00385	0.00265	3.2079e-14	1.2031	4.2635e-12	0.59349	1.7555e-12	0.0118	0.0118
0.0044	0.003	0.0013	3.1927e-14	1.3361	4.2537e-12	0.60427	1.703e-12	0.0118	0.0118
0.00115	0.00425	0.00355	5.5468e-14	1.3658	7.373e-12	0.71493	2.1894e-12	0.0118	0.0118
0.00315	0.0047	0.0024	1.1465e-13	1.1787	2.5362e-11	0.98016	1.8798e-12	0.0118	0.0056
-0.00065	0.00515	0.00475	4.6498e-14	1.1799	6.1862e-12	0.29168	6.1596e-12	0.0056	0.0118
0.0095	0.00135	0.0006	6.4278e-15	0.46821	8.6457e-13	0.12923	2.0143e-12	0.0118	0.0118
0.0075	0.00255	0.0019	7.9107e-15	0.19085	1.0259e-12	0.12355	2.5019e-12	0.0118	0.0118
0.0059	0.0036	0.00115	2.2664e-14	1.381	3.0187e-12	0.48304	1.6614e-12	0.0118	0.0118
0.00245	0.0037	0.00235	2.8928e-14	1.3516	3.8494e-12	0.59871	1.5636e-12	0.0118	0.0118
0.0015	0.0038	0.003	2.7944e-14	1.4475	3.7072e-12	0.53303	1.7867e-12	0.0118	0.0118
0.00385	0.004	0.0027	2.2769e-14	1.287	3.0393e-12	0.50409	1.581e-12	0.0118	0.0118
0.00135	0.00425	0.00355	3.2728e-14	1.3375	4.3346e-12	0.6087	1.7154e-12	0.0118	0.0118
0.0025	0.00225	0.0008	1.7294e-14	1.5893	2.3024e-12	0.34513	1.9011e-12	0.0118	0.0118
0.00125	0.0027	0.00205	1.9938e-14	1.4698	2.6486e-12	0.40489	1.8161e-12	0.0118	0.0118
0.0043	0.0046	0.0022	2.961e-14	1.2069	4.895e-12	0.67292	1.7099e-12	0.0118	0.0079
0.0021	0.00185	0.00075	1.7962e-14	1.4132	2.3844e-12	0.35231	1.9232e-12	0.0079	0.0118
0.0028	0.00605	0.0037	1.2941e-13	1.3038	1.7193e-11	0.89684	2.5748e-12	0.0118	0.0118
0.0014	0.0031	0.00235	2.8994e-14	1.5154	3.8595e-12	0.50933	1.98e-12	0.0118	0.0118
0.00655	0.00555	0.0018	3.3974e-14	1.2476	4.5151e-12	0.59868	1.8342e-12	0.0118	0.0118
