1.8461e-11
3.5622e-12
2.7437e-11
9.8107e-12
3.0037e-12
2.3755e-12
1.6044e-11
2.3061e-12
1.2748e-11
2.2256e-11
1.5838e-11
3.1841e-12
2.9952e-12
4.7394e-12
3.9916e-12
1.6556e-12
7.1088e-12
2.9007e-12
4.3162e-12
2.6311e-13
4.277e-12
3.6056e-12
3.0358e-12
4.6971e-14
8.5767e-13
2.9731e-12
4.7213e-12
4.9875e-12
1.8492e-11
3.7141e-12
2.9776e-12
7.3891e-12
4.3287e-12
5.3691e-12
4.6776e-12
4.2236e-13
4.4288e-12
5.3964e-12
2.9048e-12
4.8934e-12
4.2635e-12
4.2537e-12
7.373e-12
2.5362e-11
6.1862e-12
8.6457e-13
1.0259e-12
3.0187e-12
3.8494e-12
3.7072e-12
3.0393e-12
4.3346e-12
2.3024e-12
2.6486e-12
4.895e-12
2.3844e-12
1.7193e-11
3.8595e-12
4.5151e-12
