NaN
0.64295
1.8182
0.0085
0.91195
0.34915
0.0715
0.38215
1.6669
2.9617
0.1828
1.8016
0.102
0.12605
0.118
0.04105
0.0204
0.04135
0.11335
0.09355
0.01535
0.0493
0.1169
0.01375
0.03805
0.3416
0.0678
0.14055
0.267
0.00305
1.302
1.0777
0.06805
0.52045
0.335
0.53675
0.2597
0.8109
0.5295
0.02375
1.2185
0.90265
0.67005
0.36245
1.597
0.00445
0.1049
0.0853
0.0053
0.6439
3.0752
0.74405
0.03135
0.02225
0.37065
NaN
0.2949
0.10705
0.00435
0.12365
3.9765
1.3236
1.1477
0.23595
0.0738
0.2432
0.01265
1.7884
0.09155
0.0783
0.16145
0.1057
0.21725
0.17725
0.147
0.03345
0.0987
0.4245
0.00385
0.1
0.035
0.03995
0.10075
0.04845
0.3881
0.041
0.46245
0.2571
0.6424
0.2559
0.1926
0.3486
0.22315
0.25725
0.02255
0.07635
0.3222
0.4205
0.05185
0.0056
0.0467
0.0333
0.08295
0.09985
0.31895
1.478
0.34215
0.18065
0.23745
0.99365
0.0079
1.1745
3.4062
0.39635
NaN
0.17185
1.531
1.0816
0.2791
0.3213
1.0806
0.01645
0.7607
2.1982
0.20955
0.2734
0.07605
1.0165
0.10205
0.33545
0.45325
0.9235
0.4746
0.29335
0.32575
0.35735
2.6946
0.38845
0.51425
0.5433
1.281
0.78445
1.1846
0.10175
0.08455
1.3584
0.6135
0.07675
2.2592
2.9339
0.71845
0.2511
0.24655
1.1138
NaN
0.1197
1.9593
0.8267
1.2185
0.08955
6.2723
1.7046
0.01635
0.18595
0.5546
1.4603
0.96215
0.694
0.4674
0.46975
0.85965
1.8451
0.1103
0.1631
0.6279
1.5079
0.88955
0.8121
0.3655
0.02615
0.03585
2.6526
0.00515
0.76885
0.43985
0.3225
0.43615
