3.982e-12
4.4557e-12
4.7824e-12
9.3452e-12
9.4538e-12
1.0021e-11
5.5411e-12
4.4279e-12
6.9946e-12
8.5989e-12
1.7771e-11
1.2808e-11
9.2426e-12
1.2296e-11
9.6587e-12
9.6491e-12
1.091e-11
1.3424e-11
7.2538e-12
9.2238e-12
2.4932e-11
8.8479e-12
1.392e-11
1.1293e-11
1.2446e-11
9.066e-12
9.6733e-12
7.4277e-12
1.0624e-11
1.9813e-12
4.9042e-12
3.6138e-12
7.4077e-12
4.0566e-12
3.5935e-12
1.0629e-11
2.0747e-11
8.2245e-12
1.8822e-12
4.6614e-12
4.514e-12
2.0091e-11
1.3478e-12
1.8563e-11
2.2538e-11
7.728e-12
2.2972e-11
1.987e-11
8.1444e-12
1.7821e-12
8.8396e-13
3.5214e-12
1.8079e-11
1.2072e-11
2.5984e-11
1.8461e-11
3.5622e-12
2.7437e-11
9.8107e-12
3.0037e-12
2.3755e-12
1.6044e-11
2.3061e-12
1.2748e-11
2.2256e-11
1.5838e-11
3.1841e-12
2.9952e-12
4.7394e-12
3.9916e-12
1.6556e-12
7.1088e-12
2.9007e-12
4.3162e-12
2.6311e-13
4.277e-12
3.6056e-12
3.0358e-12
4.6971e-14
8.5767e-13
2.9731e-12
4.7213e-12
4.9875e-12
1.8492e-11
3.7141e-12
2.9776e-12
7.3891e-12
4.3287e-12
5.3691e-12
4.6776e-12
4.2236e-13
4.4288e-12
5.3964e-12
2.9048e-12
4.8934e-12
4.2635e-12
4.2537e-12
7.373e-12
2.5362e-11
6.1862e-12
8.6457e-13
1.0259e-12
3.0187e-12
3.8494e-12
3.7072e-12
3.0393e-12
4.3346e-12
2.3024e-12
2.6486e-12
4.895e-12
2.3844e-12
1.7193e-11
3.8595e-12
4.5151e-12
6.5582e-12
1.7236e-11
3.6501e-11
6.0051e-12
1.9134e-11
7.2907e-12
1.3591e-12
1.118e-11
1.0034e-11
5.3559e-12
3.0124e-12
6.6788e-12
5.5444e-12
4.4817e-12
6.4306e-12
3.3655e-12
1.6266e-12
6.7777e-12
5.3844e-12
6.1588e-12
9.4175e-12
6.3036e-12
2.2174e-12
8.7248e-12
2.5808e-12
1.2869e-12
2.2122e-11
1.9554e-11
8.2422e-13
4.095e-12
8.1941e-12
8.6401e-12
2.854e-12
7.6185e-12
7.7761e-12
3.7372e-12
1.8197e-11
1.4466e-11
2.3356e-12
3.1944e-12
2.7433e-12
2.3208e-12
2.535e-12
2.369e-12
2.6841e-12
2.6218e-13
1.2371e-11
1.6678e-11
1.8141e-11
3.1022e-12
1.923e-12
1.5447e-11
4.3137e-12
1.8889e-11
1.5698e-11
4.4773e-12
1.9495e-11
9.7744e-12
4.8339e-13
1.1712e-11
8.8058e-12
1.9461e-11
2.2043e-11
2.2471e-11
1.5287e-11
1.7876e-11
1.1759e-11
2.4491e-11
6.4054e-12
5.028e-12
4.887e-12
1.9526e-12
3.3223e-12
