3.982e-12
4.4557e-12
4.7824e-12
9.3452e-12
9.4538e-12
1.0021e-11
5.5411e-12
4.4279e-12
6.9946e-12
8.5989e-12
1.7771e-11
1.2808e-11
9.2426e-12
1.2296e-11
9.6587e-12
9.6491e-12
1.091e-11
1.3424e-11
7.2538e-12
9.2238e-12
2.4932e-11
8.8479e-12
1.392e-11
1.1293e-11
1.2446e-11
9.066e-12
9.6733e-12
7.4277e-12
1.0624e-11
1.9813e-12
4.9042e-12
3.6138e-12
7.4077e-12
4.0566e-12
3.5935e-12
1.0629e-11
2.0747e-11
8.2245e-12
1.8822e-12
4.6614e-12
4.514e-12
2.0091e-11
1.3478e-12
1.8563e-11
2.2538e-11
7.728e-12
2.2972e-11
1.987e-11
8.1444e-12
1.7821e-12
8.8396e-13
3.5214e-12
1.8079e-11
1.2072e-11
2.5984e-11
