2.3374e-11
1.0799e-11
6.2633e-11
5.736e-11
5.3598e-11
1.5079e-11
1.3572e-10
1.0223e-10
2.4999e-11
9.3038e-11
1.4305e-11
1.1941e-11
1.4751e-11
1.417e-11
1.9102e-11
2.361e-11
2.6033e-11
4.3379e-11
1.6635e-11
1.7217e-11
1.5114e-11
1.4826e-11
2.3153e-11
1.9705e-11
2.5093e-11
1.7993e-11
1.8892e-11
1.7077e-11
1.5099e-11
1.0148e-11
1.7477e-11
2.0323e-11
1.5076e-11
4.863e-11
2.5634e-11
8.1361e-11
8.6882e-11
1.7327e-11
2.2701e-11
1.3095e-11
2.2647e-11
1.8164e-11
1.1461e-11
1.5491e-11
9.8909e-11
1.3299e-11
2.3305e-11
1.5057e-11
2.0538e-11
1.4017e-11
2.2822e-11
1.8314e-11
2.1383e-11
2.4902e-11
3.6462e-11
7.1577e-12
4.8292e-11
2.0141e-11
7.5812e-12
9.5701e-11
1.6341e-11
2.1209e-11
