1.8461e-11
2.7437e-11
1.6044e-11
1.2748e-11
2.2256e-11
1.5838e-11
7.1088e-12
1.8492e-11
7.373e-12
2.5362e-11
1.7193e-11
1.7236e-11
1.9134e-11
1.3591e-12
1.118e-11
1.0034e-11
1.6266e-12
6.7777e-12
9.4175e-12
8.7248e-12
2.2122e-11
1.9554e-11
8.1941e-12
8.6401e-12
1.8197e-11
1.4466e-11
2.3356e-12
2.369e-12
2.6218e-13
1.2371e-11
1.6678e-11
1.8141e-11
1.923e-12
1.5447e-11
1.8889e-11
1.5698e-11
1.9495e-11
1.1712e-11
8.8058e-12
1.9461e-11
2.2043e-11
2.2471e-11
1.5287e-11
1.7876e-11
1.1759e-11
2.4491e-11
1.9526e-12
