   0.0000000e+00	  -1.5109063e-12	
   5.0000000e-05	  -1.3281604e-12	
   1.0000000e-04	  -1.1622110e-12	
   1.5000000e-04	  -8.5154334e-13	
   2.0000000e-04	  -3.9461538e-13	
   2.5000000e-04	   1.6872002e-13	
   3.0000000e-04	   2.3883091e-13	
   3.5000000e-04	   2.4850828e-13	
   4.0000000e-04	  -2.3600956e-13	
   4.5000000e-04	  -2.4841088e-13	
   5.0000000e-04	  -3.9513071e-13	
   5.5000000e-04	  -7.5930299e-13	
   6.0000000e-04	  -1.1272963e-12	
   6.5000000e-04	  -1.2267372e-12	
   7.0000000e-04	  -1.2399804e-12	
   7.5000000e-04	  -1.7040084e-12	
   8.0000000e-04	  -1.7013591e-12	
   8.5000000e-04	  -1.4232060e-12	
   9.0000000e-04	  -1.3966492e-12	
   9.5000000e-04	  -7.1507503e-13	
   1.0000000e-03	  -5.8142513e-13	
   1.0500000e-03	  -7.5832103e-13	
   1.1000000e-03	  -5.9304991e-13	
   1.1500000e-03	  -5.1909475e-13	
   1.2000000e-03	  -3.8934941e-13	
   1.2500000e-03	  -1.2198966e-13	
   1.3000000e-03	  -6.4130401e-13	
   1.3500000e-03	  -6.0429391e-13	
   1.4000000e-03	  -4.7063969e-13	
   1.4500000e-03	   1.8699365e-13	
   1.5000000e-03	   3.4247448e-13	
   1.5500000e-03	   2.8498639e-13	
   1.6000000e-03	   6.6905032e-14	
   1.6500000e-03	  -7.8534618e-14	
   1.7000000e-03	   2.7292497e-13	
   1.7500000e-03	   1.4506132e-13	
   1.8000000e-03	  -3.9602430e-13	
   1.8500000e-03	  -4.8767776e-13	
   1.9000000e-03	  -1.1595709e-12	
   1.9500000e-03	  -9.0747754e-13	
   2.0000000e-03	  -1.3202784e-12	
   2.0500000e-03	  -1.0661832e-12	
   2.1000000e-03	  -1.4983804e-12	
   2.1500000e-03	  -9.8549619e-13	
   2.2000000e-03	  -7.4669296e-13	
   2.2500000e-03	  -2.2076158e-13	
   2.3000000e-03	   4.8588228e-13	
   2.3500000e-03	   7.7433557e-13	
   2.4000000e-03	   7.2403898e-13	
   2.4500000e-03	   4.0441027e-13	
   2.5000000e-03	   1.8093820e-13	
   2.5500000e-03	  -7.3545770e-14	
   2.6000000e-03	   1.5186897e-13	
   2.6500000e-03	   1.3893335e-13	
   2.7000000e-03	   2.5351227e-13	
   2.7500000e-03	   1.9408585e-13	
   2.8000000e-03	   3.4954694e-13	
   2.8500000e-03	   2.1795933e-13	
   2.9000000e-03	   6.6692030e-13	
   2.9500000e-03	   6.1303393e-13	
   3.0000000e-03	   5.4010203e-13	
   3.0500000e-03	  -4.3272027e-14	
   3.1000000e-03	  -3.5394756e-14	
   3.1500000e-03	  -5.4303008e-13	
   3.2000000e-03	  -8.9535128e-13	
   3.2500000e-03	  -5.2764542e-13	
   3.3000000e-03	  -6.5522208e-13	
   3.3500000e-03	  -7.1567524e-13	
   3.4000000e-03	  -1.0813544e-12	
   3.4500000e-03	  -1.2420631e-12	
   3.5000000e-03	  -8.3491439e-13	
   3.5500000e-03	  -3.8494945e-13	
   3.6000000e-03	  -1.5821535e-13	
   3.6500000e-03	  -3.6005156e-13	
   3.7000000e-03	  -7.8288195e-13	
   3.7500000e-03	  -1.0579950e-12	
   3.8000000e-03	  -3.9423727e-13	
   3.8500000e-03	  -2.5746527e-13	
   3.9000000e-03	   2.3833469e-13	
   3.9500000e-03	   2.3778278e-13	
   4.0000000e-03	   1.0623338e-12	
   4.0500000e-03	   4.7013142e-13	
   4.1000000e-03	  -3.2003491e-13	
   4.1500000e-03	  -7.2498951e-13	
   4.2000000e-03	  -8.6580547e-13	
   4.2500000e-03	  -1.6319118e-12	
   4.3000000e-03	  -1.5981884e-12	
   4.3500000e-03	  -1.5414614e-12	
   4.4000000e-03	  -1.1515331e-12	
   4.4500000e-03	  -1.3323877e-12	
   4.5000000e-03	  -1.2234684e-12	
   4.5500000e-03	  -1.0762306e-12	
   4.6000000e-03	  -9.7716903e-13	
   4.6500000e-03	  -1.1661628e-12	
   4.7000000e-03	  -1.4315301e-12	
   4.7500000e-03	  -1.3204480e-12	
   4.8000000e-03	  -8.0158124e-13	
   4.8500000e-03	  -3.7314075e-13	
   4.9000000e-03	  -6.4757271e-13	
   4.9500000e-03	  -7.6825200e-13	
   5.0000000e-03	  -9.1909835e-13	
   5.0500000e-03	  -1.0180342e-12	
   5.1000000e-03	  -7.3998468e-13	
   5.1500000e-03	  -7.1862199e-13	
   5.2000000e-03	  -5.1210761e-13	
   5.2500000e-03	  -1.1654018e-12	
   5.3000000e-03	  -1.1036389e-12	
   5.3500000e-03	  -1.3778982e-12	
   5.4000000e-03	  -1.8859474e-12	
   5.4500000e-03	  -1.9020691e-12	
   5.5000000e-03	  -1.8642932e-12	
   5.5500000e-03	  -1.5654840e-12	
   5.6000000e-03	  -9.6254976e-13	
   5.6500000e-03	  -1.4766262e-12	
   5.7000000e-03	  -1.7590375e-12	
   5.7500000e-03	  -2.1356206e-12	
   5.8000000e-03	  -2.0279381e-12	
   5.8500000e-03	  -1.9988889e-12	
   5.9000000e-03	  -1.8836924e-12	
   5.9500000e-03	  -1.8414869e-12	
   6.0000000e-03	  -1.9198247e-12	
   6.0500000e-03	  -1.4928348e-12	
   6.1000000e-03	  -1.6958550e-12	
   6.1500000e-03	  -1.9581710e-12	
   6.2000000e-03	  -1.8310733e-12	
   6.2500000e-03	  -1.7684996e-12	
   6.3000000e-03	  -1.4611499e-12	
   6.3500000e-03	  -1.8141694e-12	
   6.4000000e-03	  -1.5277113e-12	
   6.4500000e-03	  -1.2893187e-12	
   6.5000000e-03	  -1.9924122e-12	
   6.5500000e-03	  -1.8411014e-12	
   6.6000000e-03	  -2.5804040e-12	
   6.6500000e-03	  -2.2818724e-12	
   6.7000000e-03	  -1.9403332e-12	
   6.7500000e-03	  -1.8963215e-12	
   6.8000000e-03	  -1.9088712e-12	
   6.8500000e-03	  -1.7016642e-12	
   6.9000000e-03	  -1.4331331e-12	
   6.9500000e-03	  -1.3616402e-12	
   7.0000000e-03	  -1.3933681e-12	
   7.0500000e-03	  -1.1571050e-12	
   7.1000000e-03	  -1.3307297e-12	
   7.1500000e-03	  -1.6337478e-12	
   7.2000000e-03	  -1.2261544e-12	
   7.2500000e-03	  -1.5128261e-12	
   7.3000000e-03	  -1.3756822e-12	
   7.3500000e-03	  -1.2882433e-12	
   7.4000000e-03	  -9.3895508e-13	
   7.4500000e-03	  -8.8665934e-13	
   7.5000000e-03	  -1.0831527e-12	
   7.5500000e-03	  -1.0661551e-12	
   7.6000000e-03	  -7.6453264e-13	
   7.6500000e-03	  -4.9913930e-13	
   7.7000000e-03	  -5.7592445e-13	
   7.7500000e-03	  -9.5050779e-13	
   7.8000000e-03	  -1.6195608e-12	
   7.8500000e-03	  -1.9448972e-12	
   7.9000000e-03	  -1.9899193e-12	
   7.9500000e-03	  -1.8757938e-12	
   8.0000000e-03	  -1.6796687e-12	
   8.0500000e-03	  -1.7809426e-12	
   8.1000000e-03	  -1.8068140e-12	
   8.1500000e-03	  -2.0600692e-12	
   8.2000000e-03	  -1.7976310e-12	
   8.2500000e-03	  -1.9016377e-12	
   8.3000000e-03	  -2.0221575e-12	
   8.3500000e-03	  -2.1164244e-12	
   8.4000000e-03	  -1.3738172e-12	
   8.4500000e-03	  -1.6268404e-12	
   8.5000000e-03	  -1.5930791e-12	
   8.5500000e-03	  -1.8726607e-12	
   8.6000000e-03	  -2.0447411e-12	
   8.6500000e-03	  -2.3148319e-12	
   8.7000000e-03	  -2.0653915e-12	
   8.7500000e-03	  -1.7432501e-12	
   8.8000000e-03	  -1.6144742e-12	
   8.8500000e-03	  -1.5921520e-12	
   8.9000000e-03	  -1.4979029e-12	
   8.9500000e-03	  -1.3119430e-12	
   9.0000000e-03	  -1.2800946e-12	
   9.0500000e-03	  -1.2500437e-12	
   9.1000000e-03	  -1.2673250e-12	
   9.1500000e-03	  -1.4421680e-12	
   9.2000000e-03	  -1.0242946e-12	
   9.2500000e-03	  -5.5098157e-13	
   9.3000000e-03	  -1.0416108e-12	
   9.3500000e-03	  -1.0121513e-12	
   9.4000000e-03	  -1.2534956e-12	
   9.4500000e-03	  -1.1355187e-12	
   9.5000000e-03	  -1.2725015e-12	
   9.5500000e-03	  -1.2248566e-12	
   9.6000000e-03	  -1.2108658e-12	
   9.6500000e-03	  -1.3953295e-12	
   9.7000000e-03	  -1.6493158e-12	
   9.7500000e-03	  -1.8630481e-12	
   9.8000000e-03	  -2.0438642e-12	
   9.8500000e-03	  -2.5596361e-12	
   9.9000000e-03	  -3.1430477e-12	
   9.9500000e-03	  -3.8785043e-12	
   1.0000000e-02	  -4.8531788e-12	
   1.0050000e-02	  -6.0081050e-12	
   1.0100000e-02	  -7.5289561e-12	
   1.0150000e-02	  -8.4719781e-12	
   1.0200000e-02	  -9.5611585e-12	
   1.0250000e-02	  -1.1457995e-11	
   1.0300000e-02	  -1.2995396e-11	
   1.0350000e-02	  -1.3978198e-11	
   1.0400000e-02	  -1.5227734e-11	
   1.0450000e-02	  -1.7067119e-11	
   1.0500000e-02	  -1.8275392e-11	
   1.0550000e-02	  -1.9341639e-11	
   1.0600000e-02	  -2.0251082e-11	
   1.0650000e-02	  -2.1365898e-11	
   1.0700000e-02	  -2.1464524e-11	
   1.0750000e-02	  -2.2663258e-11	
   1.0800000e-02	  -2.3475705e-11	
   1.0850000e-02	  -2.3901487e-11	
   1.0900000e-02	  -2.4325483e-11	
   1.0950000e-02	  -2.4161920e-11	
   1.1000000e-02	  -2.4408641e-11	
   1.1050000e-02	  -2.4587529e-11	
   1.1100000e-02	  -2.4754912e-11	
   1.1150000e-02	  -2.4942049e-11	
   1.1200000e-02	  -2.5333449e-11	
   1.1250000e-02	  -2.5385074e-11	
   1.1300000e-02	  -2.5442757e-11	
   1.1350000e-02	  -2.4356555e-11	
   1.1400000e-02	  -2.4535738e-11	
   1.1450000e-02	  -2.3745994e-11	
   1.1500000e-02	  -2.3026485e-11	
   1.1550000e-02	  -2.2190716e-11	
   1.1600000e-02	  -2.2087687e-11	
   1.1650000e-02	  -2.1615542e-11	
   1.1700000e-02	  -2.1124833e-11	
   1.1750000e-02	  -2.1151003e-11	
   1.1800000e-02	  -2.0236942e-11	
   1.1850000e-02	  -2.0057002e-11	
   1.1900000e-02	  -1.9070942e-11	
   1.1950000e-02	  -1.8764424e-11	
   1.2000000e-02	  -1.8869897e-11	
   1.2050000e-02	  -1.9471892e-11	
   1.2100000e-02	  -1.9133431e-11	
   1.2150000e-02	  -1.9242621e-11	
   1.2200000e-02	  -1.8851819e-11	
   1.2250000e-02	  -1.8880863e-11	
   1.2300000e-02	  -1.7641066e-11	
   1.2350000e-02	  -1.7527063e-11	
   1.2400000e-02	  -1.7679053e-11	
   1.2450000e-02	  -1.7218449e-11	
   1.2500000e-02	  -1.7273261e-11	
   1.2550000e-02	  -1.6502339e-11	
   1.2600000e-02	  -1.6342472e-11	
   1.2650000e-02	  -1.6318497e-11	
   1.2700000e-02	  -1.5775004e-11	
   1.2750000e-02	  -1.5884760e-11	
   1.2800000e-02	  -1.5811128e-11	
   1.2850000e-02	  -1.6110970e-11	
   1.2900000e-02	  -1.6131752e-11	
   1.2950000e-02	  -1.6441266e-11	
   1.3000000e-02	  -1.6295143e-11	
   1.3050000e-02	  -1.6215603e-11	
   1.3100000e-02	  -1.6547520e-11	
   1.3150000e-02	  -1.6323339e-11	
   1.3200000e-02	  -1.6085370e-11	
   1.3250000e-02	  -1.5422144e-11	
   1.3300000e-02	  -1.4716159e-11	
   1.3350000e-02	  -1.4285952e-11	
   1.3400000e-02	  -1.3924118e-11	
   1.3450000e-02	  -1.3886350e-11	
   1.3500000e-02	  -1.3897023e-11	
   1.3550000e-02	  -1.3125854e-11	
   1.3600000e-02	  -1.3148704e-11	
   1.3650000e-02	  -1.3952237e-11	
   1.3700000e-02	  -1.3495787e-11	
   1.3750000e-02	  -1.3149504e-11	
   1.3800000e-02	  -1.3196854e-11	
   1.3850000e-02	  -1.2710593e-11	
   1.3900000e-02	  -1.3193406e-11	
   1.3950000e-02	  -1.3304917e-11	
   1.4000000e-02	  -1.2756172e-11	
   1.4050000e-02	  -1.2219820e-11	
   1.4100000e-02	  -1.2076476e-11	
   1.4150000e-02	  -1.1516337e-11	
   1.4200000e-02	  -1.1430266e-11	
   1.4250000e-02	  -1.1613723e-11	
   1.4300000e-02	  -1.1531832e-11	
   1.4350000e-02	  -1.1840855e-11	
   1.4400000e-02	  -1.1784032e-11	
   1.4450000e-02	  -1.2286181e-11	
   1.4500000e-02	  -1.2531324e-11	
   1.4550000e-02	  -1.2600613e-11	
   1.4600000e-02	  -1.2272698e-11	
   1.4650000e-02	  -1.1820899e-11	
   1.4700000e-02	  -1.1856849e-11	
   1.4750000e-02	  -1.1280742e-11	
   1.4800000e-02	  -1.0747402e-11	
   1.4850000e-02	  -1.0448268e-11	
   1.4900000e-02	  -1.0196471e-11	
   1.4950000e-02	  -1.0147876e-11	
   1.5000000e-02	  -1.0166899e-11	
   1.5050000e-02	  -1.0576949e-11	
   1.5100000e-02	  -1.0526891e-11	
   1.5150000e-02	  -1.0076236e-11	
   1.5200000e-02	  -9.5062881e-12	
   1.5250000e-02	  -9.4206238e-12	
   1.5300000e-02	  -9.3365730e-12	
   1.5350000e-02	  -9.7385247e-12	
   1.5400000e-02	  -9.6933774e-12	
   1.5450000e-02	  -9.1892033e-12	
   1.5500000e-02	  -8.7001892e-12	
   1.5550000e-02	  -8.6139676e-12	
   1.5600000e-02	  -8.1967415e-12	
   1.5650000e-02	  -8.6073748e-12	
   1.5700000e-02	  -8.3231651e-12	
   1.5750000e-02	  -8.5451754e-12	
   1.5800000e-02	  -8.5715428e-12	
   1.5850000e-02	  -8.5173464e-12	
   1.5900000e-02	  -8.4884166e-12	
   1.5950000e-02	  -8.2489320e-12	
   1.6000000e-02	  -8.4569190e-12	
   1.6050000e-02	  -7.9163150e-12	
   1.6100000e-02	  -7.3559624e-12	
   1.6150000e-02	  -7.1100749e-12	
   1.6200000e-02	  -7.0202585e-12	
   1.6250000e-02	  -7.5188389e-12	
   1.6300000e-02	  -7.8255529e-12	
   1.6350000e-02	  -7.5671878e-12	
   1.6400000e-02	  -6.9792687e-12	
   1.6450000e-02	  -6.1686095e-12	
   1.6500000e-02	  -6.5176592e-12	
   1.6550000e-02	  -6.4587716e-12	
   1.6600000e-02	  -6.1197220e-12	
   1.6650000e-02	  -6.0039327e-12	
   1.6700000e-02	  -6.0264816e-12	
   1.6750000e-02	  -5.9462136e-12	
   1.6800000e-02	  -6.1977687e-12	
   1.6850000e-02	  -6.6180815e-12	
   1.6900000e-02	  -6.8028086e-12	
   1.6950000e-02	  -6.3093645e-12	
   1.7000000e-02	  -6.6014551e-12	
   1.7050000e-02	  -6.5614163e-12	
   1.7100000e-02	  -6.9529113e-12	
   1.7150000e-02	  -6.9770562e-12	
   1.7200000e-02	  -7.4508778e-12	
   1.7250000e-02	  -7.5430092e-12	
   1.7300000e-02	  -7.5599168e-12	
   1.7350000e-02	  -7.1762878e-12	
   1.7400000e-02	  -6.7589212e-12	
   1.7450000e-02	  -6.8641737e-12	
   1.7500000e-02	  -6.5476591e-12	
   1.7550000e-02	  -6.6509515e-12	
   1.7600000e-02	  -6.7791250e-12	
   1.7650000e-02	  -6.3869689e-12	
   1.7700000e-02	  -6.3249555e-12	
   1.7750000e-02	  -5.9322441e-12	
   1.7800000e-02	  -5.6957535e-12	
   1.7850000e-02	  -5.7252725e-12	
   1.7900000e-02	  -5.5589574e-12	
   1.7950000e-02	  -5.6401667e-12	
   1.8000000e-02	  -6.0931309e-12	
   1.8050000e-02	  -5.9080472e-12	
   1.8100000e-02	  -5.5681954e-12	
   1.8150000e-02	  -5.4586488e-12	
   1.8200000e-02	  -4.9782271e-12	
   1.8250000e-02	  -4.9721782e-12	
   1.8300000e-02	  -4.7340053e-12	
   1.8350000e-02	  -4.3775991e-12	
   1.8400000e-02	  -4.2901464e-12	
   1.8450000e-02	  -4.3847079e-12	
   1.8500000e-02	  -4.6234258e-12	
   1.8550000e-02	  -5.1031856e-12	
   1.8600000e-02	  -5.2414681e-12	
   1.8650000e-02	  -5.1923263e-12	
   1.8700000e-02	  -5.8091593e-12	
   1.8750000e-02	  -5.7164696e-12	
   1.8800000e-02	  -5.5177872e-12	
   1.8850000e-02	  -5.4534194e-12	
   1.8900000e-02	  -5.3137985e-12	
   1.8950000e-02	  -5.6395652e-12	
   1.9000000e-02	  -5.9392350e-12	
   1.9050000e-02	  -6.0876577e-12	
   1.9100000e-02	  -6.6096780e-12	
   1.9150000e-02	  -6.2384225e-12	
   1.9200000e-02	  -5.6140961e-12	
   1.9250000e-02	  -5.5848842e-12	
   1.9300000e-02	  -5.4949827e-12	
   1.9350000e-02	  -5.9506194e-12	
   1.9400000e-02	  -5.7659042e-12	
   1.9450000e-02	  -5.3545484e-12	
   1.9500000e-02	  -5.4578273e-12	
   1.9550000e-02	  -5.2954673e-12	
   1.9600000e-02	  -5.2700552e-12	
   1.9650000e-02	  -5.1550379e-12	
   1.9700000e-02	  -4.8006763e-12	
   1.9750000e-02	  -4.5926678e-12	
   1.9800000e-02	  -4.4884994e-12	
   1.9850000e-02	  -4.5184277e-12	
   1.9900000e-02	  -4.3548528e-12	
   1.9950000e-02	  -4.1362838e-12	
   2.0000000e-02	  -4.3741893e-12	
   2.0050000e-02	  -4.4197727e-12	
   2.0100000e-02	  -4.8227845e-12	
   2.0150000e-02	  -4.3234050e-12	
   2.0200000e-02	  -4.0629717e-12	
   2.0250000e-02	  -4.0850717e-12	
   2.0300000e-02	  -4.2260956e-12	
   2.0350000e-02	  -4.2159054e-12	
   2.0400000e-02	  -3.8939293e-12	
   2.0450000e-02	  -3.7304180e-12	
   2.0500000e-02	  -4.2862901e-12	
   2.0550000e-02	  -3.9156790e-12	
   2.0600000e-02	  -4.0688667e-12	
   2.0650000e-02	  -4.2057407e-12	
   2.0700000e-02	  -4.1166198e-12	
   2.0750000e-02	  -4.3289996e-12	
   2.0800000e-02	  -4.0348582e-12	
   2.0850000e-02	  -4.0205068e-12	
   2.0900000e-02	  -4.3276671e-12	
   2.0950000e-02	  -4.4927590e-12	
   2.1000000e-02	  -4.6538589e-12	
   2.1050000e-02	  -4.5392075e-12	
   2.1100000e-02	  -3.9698060e-12	
   2.1150000e-02	  -4.2256920e-12	
   2.1200000e-02	  -4.8130259e-12	
   2.1250000e-02	  -4.5536580e-12	
   2.1300000e-02	  -4.7924300e-12	
   2.1350000e-02	  -4.8865029e-12	
   2.1400000e-02	  -5.2504699e-12	
   2.1450000e-02	  -5.1931187e-12	
   2.1500000e-02	  -4.8990128e-12	
   2.1550000e-02	  -4.7548015e-12	
   2.1600000e-02	  -4.0582339e-12	
   2.1650000e-02	  -3.6865595e-12	
   2.1700000e-02	  -3.2119531e-12	
   2.1750000e-02	  -2.9238634e-12	
   2.1800000e-02	  -3.0535407e-12	
   2.1850000e-02	  -3.1848544e-12	
   2.1900000e-02	  -3.2021109e-12	
   2.1950000e-02	  -2.9308383e-12	
   2.2000000e-02	  -2.8017133e-12	
   2.2050000e-02	  -3.8331766e-12	
   2.2100000e-02	  -3.5975127e-12	
   2.2150000e-02	  -3.4733681e-12	
   2.2200000e-02	  -3.7042966e-12	
   2.2250000e-02	  -3.3049785e-12	
   2.2300000e-02	  -3.0754351e-12	
   2.2350000e-02	  -2.9879226e-12	
   2.2400000e-02	  -2.9965782e-12	
   2.2450000e-02	  -2.9397351e-12	
   2.2500000e-02	  -2.9342766e-12	
   2.2550000e-02	  -2.9756184e-12	
   2.2600000e-02	  -3.0262619e-12	
   2.2650000e-02	  -3.0858927e-12	
   2.2700000e-02	  -3.1590206e-12	
   2.2750000e-02	  -2.9641684e-12	
   2.2800000e-02	  -3.0434056e-12	
   2.2850000e-02	  -2.8901974e-12	
   2.2900000e-02	  -2.8075845e-12	
   2.2950000e-02	  -2.8320111e-12	
   2.3000000e-02	  -2.6547328e-12	
   2.3050000e-02	  -2.9033398e-12	
   2.3100000e-02	  -3.5564057e-12	
   2.3150000e-02	  -2.9942645e-12	
   2.3200000e-02	  -3.4169915e-12	
   2.3250000e-02	  -3.8550211e-12	
   2.3300000e-02	  -3.6407723e-12	
   2.3350000e-02	  -3.4982082e-12	
   2.3400000e-02	  -3.4940070e-12	
   2.3450000e-02	  -2.7593182e-12	
   2.3500000e-02	  -2.1921536e-12	
   2.3550000e-02	  -2.5528288e-12	
   2.3600000e-02	  -2.0666841e-12	
   2.3650000e-02	  -1.8842060e-12	
   2.3700000e-02	  -1.9465289e-12	
   2.3750000e-02	  -2.0635255e-12	
   2.3800000e-02	  -1.7131632e-12	
   2.3850000e-02	  -1.5146739e-12	
   2.3900000e-02	  -1.9672640e-12	
   2.3950000e-02	  -2.0847670e-12	
   2.4000000e-02	  -2.2536767e-12	
   2.4050000e-02	  -2.2197049e-12	
   2.4100000e-02	  -2.1314567e-12	
   2.4150000e-02	  -2.2458650e-12	
   2.4200000e-02	  -2.2533650e-12	
   2.4250000e-02	  -2.2373728e-12	
   2.4300000e-02	  -2.5187827e-12	
   2.4350000e-02	  -2.4467078e-12	
   2.4400000e-02	  -2.4349245e-12	
   2.4450000e-02	  -2.4946655e-12	
   2.4500000e-02	  -2.2866388e-12	
   2.4550000e-02	  -2.4457162e-12	
   2.4600000e-02	  -2.2798408e-12	
   2.4650000e-02	  -2.0516503e-12	
   2.4700000e-02	  -1.9703802e-12	
   2.4750000e-02	  -1.5806651e-12	
   2.4800000e-02	  -1.4071283e-12	
   2.4850000e-02	  -1.4330887e-12	
   2.4900000e-02	  -1.8647392e-12	
   2.4950000e-02	  -1.6984591e-12	
   2.5000000e-02	  -1.8975763e-12	
   2.5050000e-02	  -1.5775981e-12	
   2.5100000e-02	  -1.4587097e-12	
   2.5150000e-02	  -1.2525972e-12	
   2.5200000e-02	  -1.5685361e-12	
   2.5250000e-02	  -1.7417623e-12	
   2.5300000e-02	  -1.4963258e-12	
   2.5350000e-02	  -2.0085611e-12	
   2.5400000e-02	  -2.4142515e-12	
   2.5450000e-02	  -2.4337064e-12	
   2.5500000e-02	  -2.3921316e-12	
   2.5550000e-02	  -2.7291437e-12	
   2.5600000e-02	  -2.7661809e-12	
   2.5650000e-02	  -2.4709125e-12	
   2.5700000e-02	  -2.0797233e-12	
   2.5750000e-02	  -2.0286133e-12	
   2.5800000e-02	  -2.3696158e-12	
   2.5850000e-02	  -2.0725912e-12	
   2.5900000e-02	  -2.2597128e-12	
   2.5950000e-02	  -2.1717935e-12	
   2.6000000e-02	  -2.1509344e-12	
   2.6050000e-02	  -2.2031227e-12	
   2.6100000e-02	  -2.4839767e-12	
   2.6150000e-02	  -2.6401807e-12	
   2.6200000e-02	  -2.7081979e-12	
   2.6250000e-02	  -2.4812011e-12	
   2.6300000e-02	  -2.6175231e-12	
   2.6350000e-02	  -3.1015285e-12	
   2.6400000e-02	  -3.0473082e-12	
   2.6450000e-02	  -2.4886259e-12	
   2.6500000e-02	  -1.9278281e-12	
   2.6550000e-02	  -1.7685178e-12	
   2.6600000e-02	  -1.9826096e-12	
   2.6650000e-02	  -1.4585852e-12	
   2.6700000e-02	  -1.3253613e-12	
   2.6750000e-02	  -1.3224530e-12	
   2.6800000e-02	  -1.9552634e-12	
   2.6850000e-02	  -1.9607200e-12	
   2.6900000e-02	  -2.1368676e-12	
   2.6950000e-02	  -2.1921570e-12	
   2.7000000e-02	  -1.9155484e-12	
   2.7050000e-02	  -1.5596604e-12	
   2.7100000e-02	  -1.5805363e-12	
   2.7150000e-02	  -1.3849486e-12	
   2.7200000e-02	  -1.0022905e-12	
   2.7250000e-02	  -1.4653154e-12	
   2.7300000e-02	  -1.4686433e-12	
   2.7350000e-02	  -1.8564258e-12	
   2.7400000e-02	  -1.7492738e-12	
   2.7450000e-02	  -1.3843690e-12	
   2.7500000e-02	  -1.5325215e-12	
   2.7550000e-02	  -1.2654398e-12	
   2.7600000e-02	  -1.3895422e-12	
   2.7650000e-02	  -1.2973408e-12	
   2.7700000e-02	  -1.7029102e-12	
   2.7750000e-02	  -1.5592707e-12	
   2.7800000e-02	  -1.6455812e-12	
   2.7850000e-02	  -1.4665968e-12	
   2.7900000e-02	  -1.8171447e-12	
   2.7950000e-02	  -1.8712039e-12	
   2.8000000e-02	  -1.4306891e-12	
   2.8050000e-02	  -9.9119736e-13	
   2.8100000e-02	  -6.5063222e-13	
   2.8150000e-02	  -1.2484165e-12	
   2.8200000e-02	  -1.0057250e-12	
   2.8250000e-02	  -1.4954291e-12	
   2.8300000e-02	  -1.4485903e-12	
   2.8350000e-02	  -1.3130460e-12	
   2.8400000e-02	  -1.3649143e-12	
   2.8450000e-02	  -1.2084513e-12	
   2.8500000e-02	  -1.4079918e-12	
   2.8550000e-02	  -1.4835367e-12	
   2.8600000e-02	  -1.2888177e-12	
   2.8650000e-02	  -1.1267840e-12	
   2.8700000e-02	  -1.1650028e-12	
   2.8750000e-02	  -1.1471620e-12	
   2.8800000e-02	  -8.6325581e-13	
   2.8850000e-02	  -3.9260235e-13	
   2.8900000e-02	  -4.7280295e-13	
   2.8950000e-02	  -9.6632728e-13	
   2.9000000e-02	  -1.3447772e-12	
   2.9050000e-02	  -1.7584795e-12	
   2.9100000e-02	  -1.4659952e-12	
   2.9150000e-02	  -2.0363651e-12	
   2.9200000e-02	  -2.1796458e-12	
   2.9250000e-02	  -2.1883740e-12	
   2.9300000e-02	  -2.5109890e-12	
   2.9350000e-02	  -1.7932001e-12	
   2.9400000e-02	  -1.9055264e-12	
   2.9450000e-02	  -1.8293432e-12	
   2.9500000e-02	  -1.7903548e-12	
   2.9550000e-02	  -1.5984299e-12	
   2.9600000e-02	  -1.3003669e-12	
   2.9650000e-02	  -1.5916001e-12	
   2.9700000e-02	  -1.6542059e-12	
   2.9750000e-02	  -1.0463104e-12	
   2.9800000e-02	  -1.1758791e-12	
   2.9850000e-02	  -8.7454046e-13	
   2.9900000e-02	  -9.3576655e-13	
   2.9950000e-02	  -1.0060144e-12	
   3.0000000e-02	  -9.4459428e-13	
   3.0050000e-02	  -1.5168020e-12	
   3.0100000e-02	  -1.7907612e-12	
   3.0150000e-02	  -1.9373631e-12	
   3.0200000e-02	  -1.8003233e-12	
   3.0250000e-02	  -1.6612152e-12	
   3.0300000e-02	  -1.2794778e-12	
   3.0350000e-02	  -1.5835981e-12	
   3.0400000e-02	  -1.3419396e-12	
   3.0450000e-02	  -1.3290504e-12	
   3.0500000e-02	  -6.1986332e-13	
   3.0550000e-02	  -4.5784860e-13	
   3.0600000e-02	  -6.6787141e-13	
   3.0650000e-02	  -8.7494877e-13	
   3.0700000e-02	  -5.6435238e-13	
   3.0750000e-02	  -6.9544793e-13	
   3.0800000e-02	  -1.1602349e-12	
   3.0850000e-02	  -8.9290348e-13	
   3.0900000e-02	  -8.2064520e-13	
   3.0950000e-02	  -3.3640159e-13	
   3.1000000e-02	  -6.6374721e-13	
   3.1050000e-02	  -8.7499539e-13	
   3.1100000e-02	  -1.2006234e-12	
   3.1150000e-02	  -1.1198536e-12	
   3.1200000e-02	  -9.6391656e-13	
   3.1250000e-02	  -1.1823183e-12	
   3.1300000e-02	  -1.4439144e-12	
   3.1350000e-02	  -2.1798451e-12	
   3.1400000e-02	  -2.1560405e-12	
   3.1450000e-02	  -2.0544694e-12	
   3.1500000e-02	  -1.8772189e-12	
   3.1550000e-02	  -1.8876727e-12	
   3.1600000e-02	  -1.8974067e-12	
   3.1650000e-02	  -1.7538661e-12	
   3.1700000e-02	  -1.7785252e-12	
   3.1750000e-02	  -1.6022890e-12	
   3.1800000e-02	  -1.5066343e-12	
   3.1850000e-02	  -1.2626569e-12	
   3.1900000e-02	  -1.0005504e-12	
   3.1950000e-02	  -7.4857330e-13	
   3.2000000e-02	  -1.0458798e-12	
   3.2050000e-02	  -9.9744431e-13	
   3.2100000e-02	  -1.1426246e-12	
   3.2150000e-02	  -9.4601941e-13	
   3.2200000e-02	  -6.2876001e-13	
   3.2250000e-02	  -8.5894378e-13	
   3.2300000e-02	  -1.2895162e-12	
   3.2350000e-02	  -7.2677715e-13	
   3.2400000e-02	  -9.3245940e-13	
   3.2450000e-02	  -1.1560683e-12	
   3.2500000e-02	  -1.6357529e-12	
   3.2550000e-02	  -1.8920952e-12	
   3.2600000e-02	  -1.9538919e-12	
   3.2650000e-02	  -1.9921764e-12	
   3.2700000e-02	  -2.2714596e-12	
   3.2750000e-02	  -2.1549633e-12	
   3.2800000e-02	  -2.0233248e-12	
   3.2850000e-02	  -1.2901144e-12	
   3.2900000e-02	  -1.1902809e-12	
   3.2950000e-02	  -1.2936066e-12	
   3.3000000e-02	  -1.0145294e-12	
   3.3050000e-02	  -1.0911198e-12	
   3.3100000e-02	  -1.2481413e-12	
   3.3150000e-02	  -1.0963893e-12	
   3.3200000e-02	  -8.3328819e-13	
   3.3250000e-02	  -6.5029953e-13	
   3.3300000e-02	  -6.6184855e-13	
   3.3350000e-02	  -8.5142494e-13	
   3.3400000e-02	  -9.4925814e-13	
   3.3450000e-02	  -1.2688509e-12	
   3.3500000e-02	  -1.1980172e-12	
   3.3550000e-02	  -1.0553279e-12	
   3.3600000e-02	  -8.5724505e-13	
   3.3650000e-02	  -7.7060049e-13	
   3.3700000e-02	  -8.5411441e-13	
   3.3750000e-02	  -1.0329308e-12	
   3.3800000e-02	  -1.2002196e-12	
   3.3850000e-02	  -1.2927474e-12	
   3.3900000e-02	  -8.5830453e-13	
   3.3950000e-02	  -9.2073012e-13	
   3.4000000e-02	  -5.7905904e-13	
   3.4050000e-02	  -6.5701839e-13	
   3.4100000e-02	  -3.7335955e-13	
   3.4150000e-02	   2.5065529e-13	
   3.4200000e-02	  -2.6831185e-13	
   3.4250000e-02	  -1.7835402e-13	
   3.4300000e-02	  -2.1061299e-13	
   3.4350000e-02	  -5.9571974e-13	
   3.4400000e-02	  -3.1973816e-13	
   3.4450000e-02	  -7.7965477e-13	
   3.4500000e-02	  -8.9381269e-13	
   3.4550000e-02	  -8.5326169e-13	
   3.4600000e-02	  -7.4922924e-13	
   3.4650000e-02	  -7.6632635e-13	
   3.4700000e-02	  -1.9434302e-13	
   3.4750000e-02	   9.0095466e-14	
   3.4800000e-02	   1.2894319e-13	
   3.4850000e-02	  -2.9092451e-13	
   3.4900000e-02	  -2.1899268e-13	
   3.4950000e-02	  -5.6044015e-13	
   3.5000000e-02	  -6.0033109e-13	
   3.5050000e-02	   4.1129806e-14	
   3.5100000e-02	  -4.5097216e-13	
   3.5150000e-02	  -4.6574983e-13	
   3.5200000e-02	  -8.0526688e-13	
   3.5250000e-02	  -1.2750890e-12	
   3.5300000e-02	  -1.2653357e-12	
   3.5350000e-02	  -9.6357449e-13	
   3.5400000e-02	  -8.5376102e-13	
   3.5450000e-02	  -3.9294588e-13	
   3.5500000e-02	  -2.9071166e-13	
   3.5550000e-02	  -5.3309923e-13	
   3.5600000e-02	  -4.2866519e-13	
   3.5650000e-02	  -6.3031995e-13	
   3.5700000e-02	  -2.6799867e-13	
   3.5750000e-02	  -1.5683212e-13	
   3.5800000e-02	   4.0959749e-13	
   3.5850000e-02	   7.0266563e-13	
   3.5900000e-02	   6.5638152e-13	
   3.5950000e-02	   2.8904526e-13	
   3.6000000e-02	   2.8790560e-13	
   3.6050000e-02	   3.2562191e-13	
   3.6100000e-02	   5.1214241e-14	
   3.6150000e-02	  -2.6331183e-13	
   3.6200000e-02	  -5.3753508e-13	
   3.6250000e-02	  -8.7299932e-13	
   3.6300000e-02	  -8.1522435e-13	
   3.6350000e-02	  -9.9511892e-13	
   3.6400000e-02	  -7.7875006e-13	
   3.6450000e-02	  -8.3422174e-13	
   3.6500000e-02	  -8.7046863e-13	
   3.6550000e-02	  -8.2531649e-13	
   3.6600000e-02	  -7.8004274e-13	
   3.6650000e-02	  -1.4607968e-12	
   3.6700000e-02	  -1.4806750e-12	
   3.6750000e-02	  -1.5307804e-12	
   3.6800000e-02	  -1.6067189e-12	
   3.6850000e-02	  -1.3448763e-12	
   3.6900000e-02	  -8.9883938e-13	
   3.6950000e-02	  -5.0323678e-13	
   3.7000000e-02	  -7.6684655e-13	
   3.7050000e-02	  -8.0156975e-13	
   3.7100000e-02	  -7.5860086e-13	
   3.7150000e-02	  -1.1360926e-12	
   3.7200000e-02	  -1.3889493e-12	
   3.7250000e-02	  -1.2461746e-12	
   3.7300000e-02	  -1.4406779e-12	
   3.7350000e-02	  -1.5347774e-12	
   3.7400000e-02	  -9.7766093e-13	
   3.7450000e-02	  -9.7938480e-13	
   3.7500000e-02	  -8.9238556e-13	
   3.7550000e-02	  -1.1020025e-12	
   3.7600000e-02	  -1.1172276e-12	
   3.7650000e-02	  -1.1100832e-12	
   3.7700000e-02	  -1.4131384e-12	
   3.7750000e-02	  -1.2756542e-12	
   3.7800000e-02	  -1.3342734e-12	
   3.7850000e-02	  -9.9335731e-13	
   3.7900000e-02	  -1.4061072e-12	
   3.7950000e-02	  -1.1682390e-12	
   3.8000000e-02	  -1.3053981e-12	
   3.8050000e-02	  -1.0596441e-12	
   3.8100000e-02	  -1.1443593e-12	
   3.8150000e-02	  -1.2105388e-12	
   3.8200000e-02	  -1.1786262e-12	
   3.8250000e-02	  -1.2412922e-12	
   3.8300000e-02	  -1.2273748e-12	
   3.8350000e-02	  -1.6626465e-12	
   3.8400000e-02	  -1.1545693e-12	
   3.8450000e-02	  -1.2690792e-12	
   3.8500000e-02	  -1.8676353e-12	
   3.8550000e-02	  -1.4748824e-12	
   3.8600000e-02	  -1.2205206e-12	
   3.8650000e-02	  -7.5680890e-13	
   3.8700000e-02	  -4.7868420e-13	
   3.8750000e-02	  -6.6635326e-13	
   3.8800000e-02	  -4.3571808e-13	
   3.8850000e-02	  -3.1689690e-13	
   3.8900000e-02	  -2.8848235e-13	
   3.8950000e-02	   1.6286300e-13	
   3.9000000e-02	   8.3813273e-14	
   3.9050000e-02	   3.2332568e-13	
   3.9100000e-02	   3.9690473e-13	
   3.9150000e-02	   3.6399052e-13	
   3.9200000e-02	   2.6262412e-14	
   3.9250000e-02	  -1.9292369e-13	
   3.9300000e-02	  -6.8252316e-13	
   3.9350000e-02	  -7.2694411e-13	
   3.9400000e-02	  -5.2392097e-13	
   3.9450000e-02	  -3.2573434e-13	
   3.9500000e-02	   6.9454208e-14	
   3.9550000e-02	   3.5102233e-13	
   3.9600000e-02	   3.3736837e-13	
   3.9650000e-02	   3.8878595e-14	
   3.9700000e-02	   1.2321660e-13	
   3.9750000e-02	  -1.3240613e-13	
   3.9800000e-02	  -5.0286554e-14	
   3.9850000e-02	   3.4046875e-13	
   3.9900000e-02	   7.6102757e-13	
   3.9950000e-02	   1.0023581e-12	
   4.0000000e-02	   9.0197424e-13	
   4.0050000e-02	   1.0604178e-12	
   4.0100000e-02	   8.2819565e-13	
   4.0150000e-02	   5.1502525e-13	
   4.0200000e-02	   3.1313353e-13	
   4.0250000e-02	  -3.9671261e-13	
   4.0300000e-02	  -8.0148340e-13	
   4.0350000e-02	  -1.3050377e-12	
   4.0400000e-02	  -1.4423066e-12	
   4.0450000e-02	  -1.6789182e-12	
   4.0500000e-02	  -1.4855974e-12	
   4.0550000e-02	  -1.0448074e-12	
   4.0600000e-02	  -9.5722367e-13	
   4.0650000e-02	  -5.4657164e-13	
   4.0700000e-02	  -8.7353258e-13	
   4.0750000e-02	  -7.0803049e-13	
   4.0800000e-02	  -9.5388189e-13	
   4.0850000e-02	  -8.2831875e-13	
   4.0900000e-02	  -7.3255768e-13	
   4.0950000e-02	  -6.5613617e-13	
   4.1000000e-02	  -6.5844205e-13	
   4.1050000e-02	  -6.7602738e-13	
   4.1100000e-02	  -3.5844608e-13	
   4.1150000e-02	  -1.5118549e-14	
   4.1200000e-02	   4.0581037e-14	
   4.1250000e-02	   3.5301037e-13	
   4.1300000e-02	   5.0975023e-13	
   4.1350000e-02	   8.1820943e-13	
   4.1400000e-02	   7.0787126e-13	
   4.1450000e-02	  -2.3815758e-13	
   4.1500000e-02	   1.2445053e-13	
   4.1550000e-02	   2.4441414e-13	
   4.1600000e-02	  -3.8014638e-13	
   4.1650000e-02	  -1.9053314e-13	
   4.1700000e-02	  -3.1192843e-13	
   4.1750000e-02	  -2.5148677e-13	
   4.1800000e-02	  -3.7616611e-13	
   4.1850000e-02	  -2.8362902e-13	
   4.1900000e-02	  -6.9788793e-14	
   4.1950000e-02	   1.1861215e-13	
   4.2000000e-02	  -1.1253455e-13	
   4.2050000e-02	  -2.5494711e-13	
   4.2100000e-02	  -7.8428121e-13	
   4.2150000e-02	  -3.4269728e-13	
   4.2200000e-02	  -4.3411997e-14	
   4.2250000e-02	  -1.7010698e-13	
   4.2300000e-02	  -3.7853314e-13	
   4.2350000e-02	  -5.3319328e-13	
   4.2400000e-02	  -1.2332097e-12	
   4.2450000e-02	  -1.2851612e-12	
   4.2500000e-02	  -1.2250522e-12	
   4.2550000e-02	  -4.1604687e-13	
   4.2600000e-02	  -5.2495009e-13	
   4.2650000e-02	   9.5174194e-14	
   4.2700000e-02	   2.1280449e-13	
   4.2750000e-02	  -1.2927571e-13	
   4.2800000e-02	  -3.6648939e-13	
   4.2850000e-02	  -3.0460714e-13	
   4.2900000e-02	  -4.0829970e-14	
   4.2950000e-02	  -8.7133057e-13	
   4.3000000e-02	  -1.0066639e-12	
   4.3050000e-02	  -2.4296971e-13	
   4.3100000e-02	  -4.6042510e-13	
   4.3150000e-02	  -7.2309303e-13	
   4.3200000e-02	  -1.6042354e-13	
   4.3250000e-02	   1.9107307e-13	
   4.3300000e-02	   2.1133290e-13	
   4.3350000e-02	   5.3156036e-13	
   4.3400000e-02	   3.8924853e-13	
   4.3450000e-02	   1.3207816e-13	
   4.3500000e-02	   1.7457411e-13	
   4.3550000e-02	  -2.8985820e-14	
   4.3600000e-02	  -1.7565029e-13	
   4.3650000e-02	  -4.3906285e-13	
   4.3700000e-02	  -6.3722118e-13	
   4.3750000e-02	  -8.8506199e-13	
   4.3800000e-02	  -1.0175797e-12	
   4.3850000e-02	  -4.4669390e-13	
   4.3900000e-02	  -2.5110513e-13	
   4.3950000e-02	  -5.0998588e-13	
   4.4000000e-02	  -3.8571696e-13	
   4.4050000e-02	  -4.1185414e-13	
   4.4100000e-02	  -6.0791953e-13	
   4.4150000e-02	  -9.7732770e-13	
   4.4200000e-02	  -1.1460531e-12	
   4.4250000e-02	  -4.9761670e-13	
   4.4300000e-02	  -6.3229868e-13	
   4.4350000e-02	  -4.2608668e-13	
   4.4400000e-02	  -4.4499197e-13	
   4.4450000e-02	  -1.0606663e-12	
   4.4500000e-02	  -9.3483668e-13	
   4.4550000e-02	  -1.2822855e-12	
   4.4600000e-02	  -1.2196869e-12	
   4.4650000e-02	  -1.9765350e-12	
   4.4700000e-02	  -2.1044212e-12	
   4.4750000e-02	  -1.8463056e-12	
   4.4800000e-02	  -2.0393321e-12	
   4.4850000e-02	  -1.5181053e-12	
   4.4900000e-02	  -1.4833575e-12	
   4.4950000e-02	  -1.2421982e-12	
   4.5000000e-02	  -1.2467757e-12	
   4.5050000e-02	  -1.2456655e-12	
   4.5100000e-02	  -3.9087917e-13	
   4.5150000e-02	  -5.0049071e-13	
   4.5200000e-02	  -3.9144669e-13	
   4.5250000e-02	  -4.7097479e-13	
   4.5300000e-02	  -8.0992689e-13	
   4.5350000e-02	  -1.1427593e-12	
   4.5400000e-02	  -1.0103932e-12	
   4.5450000e-02	  -1.0048785e-12	
   4.5500000e-02	  -1.9606303e-13	
   4.5550000e-02	  -1.2343756e-13	
   4.5600000e-02	  -2.6774091e-13	
   4.5650000e-02	  -1.2023673e-12	
   4.5700000e-02	  -1.1814833e-12	
   4.5750000e-02	  -1.1302523e-12	
   4.5800000e-02	  -5.5284705e-13	
   4.5850000e-02	  -6.6307585e-13	
   4.5900000e-02	  -4.2541968e-13	
   4.5950000e-02	  -3.6107337e-13	
   4.6000000e-02	  -2.0315845e-13	
   4.6050000e-02	  -8.6239891e-13	
   4.6100000e-02	  -1.1358943e-12	
   4.6150000e-02	  -1.2390101e-12	
   4.6200000e-02	  -1.7441366e-12	
   4.6250000e-02	  -1.6399617e-12	
   4.6300000e-02	  -1.4923920e-12	
   4.6350000e-02	  -1.5580016e-12	
   4.6400000e-02	  -1.3359882e-12	
   4.6450000e-02	  -1.3076836e-12	
   4.6500000e-02	  -1.1440113e-12	
   4.6550000e-02	  -1.2305495e-12	
   4.6600000e-02	  -1.2020890e-12	
   4.6650000e-02	  -1.3538194e-12	
   4.6700000e-02	  -1.1817867e-12	
   4.6750000e-02	  -1.2769993e-12	
   4.6800000e-02	  -7.6941231e-13	
   4.6850000e-02	  -7.0798380e-13	
   4.6900000e-02	  -4.7577155e-13	
   4.6950000e-02	  -5.3692641e-13	
   4.7000000e-02	  -2.6623755e-13	
   4.7050000e-02	  -2.1215842e-13	
   4.7100000e-02	  -5.5876571e-13	
   4.7150000e-02	  -7.3292490e-13	
   4.7200000e-02	  -9.1195953e-13	
   4.7250000e-02	  -1.3438395e-12	
   4.7300000e-02	  -2.1609357e-12	
   4.7350000e-02	  -1.8462356e-12	
   4.7400000e-02	  -2.4499803e-12	
   4.7450000e-02	  -2.0516969e-12	
   4.7500000e-02	  -1.5729367e-12	
   4.7550000e-02	  -1.3629983e-12	
   4.7600000e-02	  -1.7990321e-12	
   4.7650000e-02	  -1.8278530e-12	
   4.7700000e-02	  -1.6056482e-12	
   4.7750000e-02	  -1.4531551e-12	
   4.7800000e-02	  -7.6894068e-13	
   4.7850000e-02	  -7.2254843e-13	
   4.7900000e-02	  -8.9009637e-13	
   4.7950000e-02	  -6.9288043e-13	
   4.8000000e-02	  -8.1457898e-13	
   4.8050000e-02	  -6.1355261e-13	
   4.8100000e-02	  -1.3111686e-12	
   4.8150000e-02	  -1.0673064e-12	
   4.8200000e-02	  -1.0327650e-12	
   4.8250000e-02	  -1.1108413e-12	
   4.8300000e-02	  -1.3901671e-12	
   4.8350000e-02	  -1.4246083e-12	
   4.8400000e-02	  -1.1066694e-12	
   4.8450000e-02	  -7.7638586e-13	
   4.8500000e-02	  -6.7150788e-13	
   4.8550000e-02	  -6.6015130e-13	
   4.8600000e-02	  -7.0940085e-13	
   4.8650000e-02	  -2.9187594e-13	
   4.8700000e-02	   5.8109659e-14	
   4.8750000e-02	  -1.9904787e-13	
   4.8800000e-02	  -1.5868339e-14	
   4.8850000e-02	  -4.1375649e-13	
   4.8900000e-02	  -1.1823008e-14	
   4.8950000e-02	  -3.3198162e-13	
   4.9000000e-02	  -3.4901086e-13	
   4.9050000e-02	  -3.7096796e-13	
   4.9100000e-02	  -7.6524822e-13	
   4.9150000e-02	  -6.9741749e-13	
   4.9200000e-02	  -6.8465849e-13	
   4.9250000e-02	  -1.0786327e-12	
   4.9300000e-02	  -8.9091522e-13	
   4.9350000e-02	  -8.8252485e-13	
   4.9400000e-02	  -8.4775372e-13	
   4.9450000e-02	  -4.3929530e-13	
   4.9500000e-02	  -8.3668749e-13	
   4.9550000e-02	  -7.8288157e-13	
   4.9600000e-02	  -8.9907536e-13	
   4.9650000e-02	  -6.1080242e-13	
   4.9700000e-02	  -6.2260982e-13	
   4.9750000e-02	  -1.8792433e-13	
   4.9800000e-02	  -2.8169432e-13	
   4.9850000e-02	  -4.3699094e-13	
   4.9900000e-02	  -7.8921163e-13	
   4.9950000e-02	  -1.3223342e-12	
   5.0000000e-02	  -1.3926581e-12	
