  -0.0000000e+00	
  -3.3619860e-12	
  -6.2982019e-12	
  -8.8581275e-12	
  -1.1085539e-11	
  -1.3019165e-11	
  -1.4693270e-11	
  -1.6138166e-11	
  -1.7380669e-11	
  -1.8444502e-11	
  -1.9350652e-11	
  -2.0117682e-11	
  -2.0762015e-11	
  -2.1298175e-11	
  -2.1739011e-11	
  -2.2095888e-11	
  -2.2378854e-11	
  -2.2596800e-11	
  -2.2757585e-11	
  -2.2868162e-11	
  -2.2934675e-11	
  -2.2962560e-11	
  -2.2956620e-11	
  -2.2921102e-11	
  -2.2859761e-11	
  -2.2775912e-11	
  -2.2672488e-11	
  -2.2552079e-11	
  -2.2416971e-11	
  -2.2269186e-11	
  -2.2110508e-11	
  -2.1942511e-11	
  -2.1766585e-11	
  -2.1583956e-11	
  -2.1395705e-11	
  -2.1202786e-11	
  -2.1006038e-11	
  -2.0806201e-11	
  -2.0603926e-11	
  -2.0399786e-11	
  -2.0194284e-11	
  -1.9987862e-11	
  -1.9780909e-11	
  -1.9573764e-11	
  -1.9366725e-11	
  -1.9160051e-11	
  -1.8953971e-11	
  -1.8748682e-11	
  -1.8544356e-11	
  -1.8341142e-11	
  -1.8139170e-11	
  -1.7938550e-11	
  -1.7739378e-11	
  -1.7541735e-11	
  -1.7345692e-11	
  -1.7151306e-11	
  -1.6958626e-11	
  -1.6767694e-11	
  -1.6578542e-11	
  -1.6391197e-11	
  -1.6205681e-11	
  -1.6022008e-11	
  -1.5840191e-11	
  -1.5660237e-11	
  -1.5482151e-11	
  -1.5305933e-11	
  -1.5131582e-11	
  -1.4959094e-11	
  -1.4788465e-11	
  -1.4619685e-11	
  -1.4452747e-11	
  -1.4287641e-11	
  -1.4124353e-11	
  -1.3962874e-11	
  -1.3803188e-11	
  -1.3645282e-11	
  -1.3489142e-11	
  -1.3334753e-11	
  -1.3182099e-11	
  -1.3031164e-11	
  -1.2881933e-11	
  -1.2734388e-11	
  -1.2588514e-11	
  -1.2444293e-11	
  -1.2301710e-11	
  -1.2160746e-11	
  -1.2021386e-11	
  -1.1883612e-11	
  -1.1747408e-11	
  -1.1612757e-11	
  -1.1479642e-11	
  -1.1348046e-11	
  -1.1217953e-11	
  -1.1089346e-11	
  -1.0962209e-11	
  -1.0836526e-11	
  -1.0712280e-11	
  -1.0589456e-11	
  -1.0468037e-11	
  -1.0348008e-11	
  -1.0229353e-11	
  -1.0112056e-11	
  -9.9961034e-12	
  -9.8814784e-12	
  -9.7681666e-12	
  -9.6561529e-12	
  -9.5454226e-12	
  -9.4359613e-12	
  -9.3277543e-12	
  -9.2207875e-12	
  -9.1150468e-12	
  -9.0105180e-12	
  -8.9071875e-12	
  -8.8050415e-12	
  -8.7040665e-12	
  -8.6042491e-12	
  -8.5055761e-12	
  -8.4080344e-12	
  -8.3116111e-12	
  -8.2162934e-12	
  -8.1220685e-12	
  -8.0289241e-12	
  -7.9368477e-12	
  -7.8458272e-12	
  -7.7558503e-12	
  -7.6669052e-12	
  -7.5789801e-12	
  -7.4920632e-12	
  -7.4061430e-12	
  -7.3212081e-12	
  -7.2372472e-12	
  -7.1542492e-12	
  -7.0722029e-12	
  -6.9910975e-12	
  -6.9109222e-12	
  -6.8316664e-12	
  -6.7533194e-12	
  -6.6758709e-12	
  -6.5993106e-12	
  -6.5236283e-12	
  -6.4488139e-12	
  -6.3748575e-12	
  -6.3017492e-12	
  -6.2294793e-12	
  -6.1580382e-12	
  -6.0874164e-12	
  -6.0176046e-12	
  -5.9485933e-12	
  -5.8803734e-12	
  -5.8129360e-12	
  -5.7462719e-12	
  -5.6803723e-12	
  -5.6152284e-12	
  -5.5508317e-12	
  -5.4871734e-12	
  -5.4242452e-12	
  -5.3620387e-12	
  -5.3005456e-12	
  -5.2397577e-12	
  -5.1796669e-12	
  -5.1202652e-12	
  -5.0615448e-12	
  -5.0034978e-12	
  -4.9461165e-12	
  -4.8893933e-12	
  -4.8333206e-12	
  -4.7778909e-12	
  -4.7230969e-12	
  -4.6689313e-12	
  -4.6153869e-12	
  -4.5624565e-12	
  -4.5101332e-12	
  -4.4584099e-12	
  -4.4072798e-12	
  -4.3567360e-12	
  -4.3067719e-12	
