  -4.8531788e-12	
  -2.6461190e-12	
  -1.2307542e-12	
   3.8614941e-13	
   1.5243803e-12	
   1.5611705e-12	
   1.6978740e-12	
   2.1599674e-12	
   2.1529344e-12	
   1.3773833e-12	
   1.0752603e-12	
   7.7604380e-13	
   5.1093239e-13	
  -6.7722657e-14	
   2.7448709e-13	
  -5.6737060e-13	
  -1.0968508e-12	
  -1.3046873e-12	
  -1.5678977e-12	
  -1.2937584e-12	
  -1.4739663e-12	
  -1.6249693e-12	
  -1.7982924e-12	
  -2.0209466e-12	
  -2.4736886e-12	
  -2.6091616e-12	
  -2.7702686e-12	
  -1.8044761e-12	
  -2.1187665e-12	
  -1.4768076e-12	
  -9.1597683e-13	
  -2.4820502e-13	
  -3.2110203e-13	
  -3.1586653e-14	
   2.7087203e-13	
   5.1782027e-14	
   7.6909521e-13	
   7.4919856e-13	
   1.5329840e-12	
   1.6353623e-12	
   1.3243869e-12	
   5.1597069e-13	
   6.4747802e-13	
   3.3114326e-13	
   5.1490529e-13	
   2.7918823e-13	
   1.3129050e-12	
   1.2216192e-12	
   8.6530340e-13	
   1.1226932e-12	
   8.6590946e-13	
   1.4362105e-12	
   1.3969057e-12	
   1.2232380e-12	
   1.5706879e-12	
   1.2665456e-12	
   1.1474985e-12	
   6.5672430e-13	
   4.4679002e-13	
  -5.0068692e-14	
  -8.9462432e-14	
  -1.9359439e-13	
  -7.0732856e-13	
  -6.6310219e-13	
  -6.0321893e-13	
  -1.1621175e-13	
   4.1542256e-13	
   6.7314269e-13	
   8.6434699e-13	
   7.3333529e-13	
   5.5572464e-13	
   1.1617870e-12	
   9.7564955e-13	
   1.0636761e-14	
   3.0740034e-13	
   4.9577817e-13	
   2.9228814e-13	
   6.2415976e-13	
  -1.1306587e-14	
  -2.7375257e-13	
   1.2576099e-13	
   5.1456792e-13	
   5.1203792e-13	
   9.2795590e-13	
   8.7144410e-13	
   5.4702313e-13	
   4.8955387e-13	
   4.2757293e-14	
  -3.6623762e-14	
  -6.7342372e-13	
  -1.0516823e-12	
  -1.2525673e-12	
  -1.0547456e-12	
  -7.3155316e-13	
  -8.9464001e-13	
  -4.4421619e-13	
  -3.5121481e-14	
   1.4118811e-13	
   2.7156630e-13	
   2.0013143e-13	
   6.2454104e-14	
  -4.6489240e-13	
  -5.3078752e-13	
  -1.9475764e-13	
   2.6187848e-13	
   2.3552907e-13	
   2.0884968e-13	
  -3.0256340e-13	
  -3.6562305e-13	
   3.1584273e-14	
   4.1485754e-13	
   3.9655046e-13	
   7.1044602e-13	
   1.9766669e-13	
   3.8090140e-13	
   5.9073735e-14	
  -6.5966671e-14	
  -1.0931193e-13	
  -1.7680546e-13	
  -3.2638663e-14	
  -3.3485044e-13	
   1.1260917e-13	
   5.8088533e-13	
   7.3575228e-13	
   7.3559182e-13	
   1.4806639e-13	
  -2.4657277e-13	
  -7.5124542e-14	
   4.2687437e-13	
   1.1525987e-12	
   7.1958801e-13	
   6.9547756e-13	
   9.5248088e-13	
   9.8716481e-13	
   8.8444060e-13	
   8.8545278e-13	
   5.5555070e-13	
   5.7789394e-14	
  -2.0349799e-13	
   2.1426379e-13	
  -1.5264117e-13	
  -1.8655888e-13	
  -6.5116209e-13	
  -7.4757694e-13	
  -1.2928395e-12	
  -1.4555927e-12	
  -1.5423123e-12	
  -1.2276945e-12	
  -8.7854777e-13	
  -1.0512378e-12	
  -8.0138726e-13	
  -9.7057922e-13	
  -1.1638966e-12	
  -8.3613718e-13	
  -8.3778210e-13	
  -5.0799882e-13	
  -3.3371483e-13	
  -4.2472688e-13	
  -3.1919970e-13	
  -4.6049983e-13	
  -9.7286564e-13	
  -8.4650234e-13	
  -5.6469757e-13	
  -5.1253231e-13	
  -8.8833862e-14	
  -1.3885766e-13	
   4.3885590e-14	
   3.4549780e-13	
   3.7878492e-13	
   2.3067899e-13	
  -6.0969268e-14	
  -5.9305240e-13	
  -7.8305819e-13	
  -7.8504651e-13	
  -1.4524233e-12	
  -1.4096977e-12	
