  -0.0000000e+00	
  -4.8538380e-13	
  -9.3933394e-13	
  -1.3637068e-12	
  -1.7602503e-12	
  -2.1306099e-12	
  -2.4763349e-12	
  -2.7988839e-12	
  -3.0996301e-12	
  -3.3798663e-12	
  -3.6408097e-12	
  -3.8836064e-12	
  -4.1093350e-12	
  -4.3190114e-12	
  -4.5135916e-12	
  -4.6939760e-12	
  -4.8610119e-12	
  -5.0154972e-12	
  -5.1581831e-12	
  -5.2897766e-12	
  -5.4109434e-12	
  -5.5223101e-12	
  -5.6244667e-12	
  -5.7179684e-12	
  -5.8033381e-12	
  -5.8810679e-12	
  -5.9516209e-12	
  -6.0154334e-12	
  -6.0729156e-12	
  -6.1244541e-12	
  -6.1704125e-12	
  -6.2111331e-12	
  -6.2469382e-12	
  -6.2781312e-12	
  -6.3049973e-12	
  -6.3278054e-12	
  -6.3468083e-12	
  -6.3622440e-12	
  -6.3743365e-12	
  -6.3832967e-12	
  -6.3893228e-12	
  -6.3926017e-12	
  -6.3933089e-12	
  -6.3916099e-12	
  -6.3876602e-12	
  -6.3816061e-12	
  -6.3735855e-12	
  -6.3637278e-12	
  -6.3521551e-12	
  -6.3389821e-12	
  -6.3243166e-12	
  -6.3082601e-12	
  -6.2909082e-12	
  -6.2723507e-12	
  -6.2526721e-12	
  -6.2319518e-12	
  -6.2102646e-12	
  -6.1876806e-12	
  -6.1642661e-12	
  -6.1400831e-12	
  -6.1151900e-12	
  -6.0896418e-12	
  -6.0634901e-12	
  -6.0367833e-12	
  -6.0095672e-12	
  -5.9818845e-12	
  -5.9537755e-12	
  -5.9252780e-12	
  -5.8964276e-12	
  -5.8672576e-12	
  -5.8377995e-12	
  -5.8080826e-12	
  -5.7781345e-12	
  -5.7479813e-12	
  -5.7176472e-12	
  -5.6871551e-12	
  -5.6565264e-12	
  -5.6257813e-12	
  -5.5949386e-12	
  -5.5640159e-12	
  -5.5330299e-12	
  -5.5019960e-12	
  -5.4709288e-12	
  -5.4398419e-12	
  -5.4087481e-12	
  -5.3776592e-12	
  -5.3465865e-12	
  -5.3155404e-12	
  -5.2845306e-12	
  -5.2535662e-12	
  -5.2226558e-12	
  -5.1918072e-12	
  -5.1610280e-12	
  -5.1303250e-12	
  -5.0997046e-12	
  -5.0691728e-12	
  -5.0387351e-12	
  -5.0083969e-12	
  -4.9781628e-12	
  -4.9480373e-12	
  -4.9180246e-12	
  -4.8881284e-12	
  -4.8583523e-12	
  -4.8286996e-12	
  -4.7991733e-12	
  -4.7697761e-12	
  -4.7405106e-12	
  -4.7113791e-12	
  -4.6823837e-12	
  -4.6535264e-12	
  -4.6248089e-12	
  -4.5962329e-12	
  -4.5677997e-12	
  -4.5395107e-12	
  -4.5113671e-12	
  -4.4833698e-12	
  -4.4555199e-12	
  -4.4278180e-12	
  -4.4002649e-12	
  -4.3728611e-12	
  -4.3456073e-12	
  -4.3185037e-12	
  -4.2915508e-12	
  -4.2647487e-12	
  -4.2380977e-12	
  -4.2115978e-12	
  -4.1852492e-12	
  -4.1590518e-12	
  -4.1330055e-12	
  -4.1071103e-12	
  -4.0813659e-12	
  -4.0557722e-12	
  -4.0303289e-12	
  -4.0050357e-12	
  -3.9798924e-12	
  -3.9548984e-12	
  -3.9300535e-12	
  -3.9053572e-12	
  -3.8808091e-12	
  -3.8564087e-12	
  -3.8321554e-12	
  -3.8080488e-12	
  -3.7840884e-12	
  -3.7602735e-12	
  -3.7366036e-12	
  -3.7130781e-12	
  -3.6896963e-12	
  -3.6664577e-12	
  -3.6433617e-12	
  -3.6204075e-12	
  -3.5975945e-12	
  -3.5749220e-12	
  -3.5523894e-12	
  -3.5299960e-12	
  -3.5077411e-12	
  -3.4856240e-12	
  -3.4636439e-12	
  -3.4418002e-12	
  -3.4200922e-12	
  -3.3985190e-12	
  -3.3770801e-12	
  -3.3557747e-12	
  -3.3346021e-12	
  -3.3135615e-12	
  -3.2926521e-12	
  -3.2718733e-12	
  -3.2512244e-12	
  -3.2307046e-12	
  -3.2103131e-12	
  -3.1900492e-12	
  -3.1699122e-12	
  -3.1499014e-12	
  -3.1300159e-12	
  -3.1102552e-12	
  -3.0906184e-12	
  -3.0711049e-12	
  -3.0517138e-12	
  -3.0324445e-12	
  -3.0132962e-12	
  -2.9942683e-12	
  -2.9753599e-12	
  -2.9565704e-12	
  -2.9378991e-12	
  -2.9193453e-12	
  -2.9009081e-12	
  -2.8825870e-12	
  -2.8643812e-12	
  -2.8462900e-12	
  -2.8283128e-12	
  -2.8104488e-12	
  -2.7926972e-12	
  -2.7750576e-12	
  -2.7575290e-12	
  -2.7401110e-12	
  -2.7228027e-12	
  -2.7056035e-12	
  -2.6885127e-12	
  -2.6715297e-12	
  -2.6546538e-12	
  -2.6378844e-12	
  -2.6212206e-12	
  -2.6046620e-12	
  -2.5882079e-12	
  -2.5718575e-12	
  -2.5556103e-12	
  -2.5394657e-12	
  -2.5234229e-12	
  -2.5074813e-12	
  -2.4916403e-12	
  -2.4758994e-12	
  -2.4602577e-12	
  -2.4447148e-12	
  -2.4292700e-12	
  -2.4139227e-12	
  -2.3986723e-12	
  -2.3835182e-12	
  -2.3684598e-12	
  -2.3534964e-12	
  -2.3386275e-12	
  -2.3238525e-12	
  -2.3091708e-12	
  -2.2945818e-12	
  -2.2800849e-12	
  -2.2656796e-12	
  -2.2513652e-12	
  -2.2371413e-12	
  -2.2230071e-12	
  -2.2089623e-12	
  -2.1950061e-12	
  -2.1811381e-12	
  -2.1673577e-12	
  -2.1536643e-12	
  -2.1400574e-12	
  -2.1265364e-12	
  -2.1131009e-12	
  -2.0997502e-12	
