   6.4681940e-13	
   8.2301455e-13	
   9.5920698e-13	
   1.1313211e-12	
   1.2081358e-12	
   1.2070384e-12	
   1.3564757e-12	
   1.3609369e-12	
   1.2067256e-12	
   1.0230354e-12	
   7.3063070e-13	
   2.8138023e-13	
   3.4080961e-13	
  -8.0696003e-14	
  -1.0993282e-13	
  -3.0096254e-13	
  -4.7865195e-13	
  -3.5335094e-13	
  -5.2286324e-13	
  -8.1808305e-13	
  -1.1417039e-12	
  -9.3483725e-13	
  -1.0012795e-12	
  -1.1238568e-12	
  -8.1667326e-13	
  -4.9719201e-13	
  -5.5473908e-13	
  -5.3721852e-13	
  -3.8856678e-13	
  -4.1751384e-13	
  -7.0218377e-13	
  -3.1696070e-13	
  -2.1475600e-13	
  -1.8089552e-13	
   1.4124819e-14	
   1.7193602e-13	
  -1.0062404e-13	
  -1.4540591e-13	
  -2.8174964e-15	
  -1.6661326e-13	
  -1.9611425e-13	
   3.3896388e-15	
   3.3203677e-13	
   4.5289746e-13	
   6.6507065e-13	
   2.7305179e-13	
   2.8861916e-13	
   1.2484125e-13	
   1.1584656e-13	
   3.5973198e-13	
   3.2590304e-13	
   2.2090272e-13	
   4.6094152e-13	
   6.4577383e-13	
   8.4686674e-13	
   3.8770485e-13	
   2.6319881e-13	
   1.7838436e-13	
   4.3821321e-13	
   5.0906835e-13	
   5.0212794e-13	
   5.5021635e-13	
   7.1132774e-13	
   7.7493943e-13	
   4.2712383e-13	
   4.8315540e-13	
   3.9109755e-13	
   2.1619342e-13	
   3.6836716e-13	
   2.6916480e-13	
   3.7700361e-13	
   6.5760530e-13	
   5.2465442e-13	
   1.0852860e-13	
   1.1372165e-13	
  -1.4738610e-13	
  -1.1501546e-13	
  -2.3239790e-13	
  -4.6084284e-14	
  -8.3135241e-14	
  -5.0172433e-14	
   1.8269662e-14	
   2.2490848e-14	
  -1.1500291e-13	
  -8.9895145e-14	
  -6.9748812e-13	
  -5.8079426e-13	
  -3.9638633e-13	
  -8.5878417e-14	
  -8.0532689e-14	
  -2.7249024e-13	
  -8.6688384e-14	
  -2.6659693e-13	
  -1.0246935e-13	
   1.7076470e-13	
  -1.0228426e-13	
  -2.8227455e-15	
  -3.6122915e-13	
  -3.1104374e-13	
  -1.1717485e-13	
  -1.5845380e-13	
   7.6950836e-14	
  -2.8629844e-13	
  -3.3463725e-13	
  -4.0530659e-13	
  -3.6376885e-13	
  -7.0185090e-14	
   1.9986400e-14	
  -1.2065969e-13	
  -1.4926206e-13	
  -1.4245240e-13	
   1.2419858e-13	
  -1.0837472e-13	
  -2.5581584e-13	
  -1.4251088e-13	
  -1.0140635e-13	
  -2.6654315e-13	
  -5.0520346e-13	
  -4.4234104e-13	
  -3.0631994e-13	
  -2.3082384e-13	
   7.1714827e-14	
  -3.2067481e-13	
  -2.6718298e-13	
  -5.3901796e-14	
  -1.9816205e-13	
  -1.8259477e-13	
  -9.7062207e-15	
   1.6012706e-13	
  -9.6024961e-14	
  -2.5571334e-13	
  -2.4740627e-13	
  -3.6128832e-13	
  -9.0188913e-14	
  -6.3289016e-14	
  -7.5689522e-14	
   1.1153140e-14	
  -2.7457802e-14	
   1.3352839e-13	
  -5.2648093e-15	
   1.8636774e-13	
   1.9369511e-13	
   6.3652308e-14	
  -3.7443861e-14	
  -5.7560618e-14	
  -5.9666636e-14	
  -2.5158912e-13	
  -1.5556091e-13	
  -2.8382643e-13	
  -1.3290615e-13	
  -1.6021902e-13	
  -8.0443742e-14	
   8.1521757e-14	
   3.9008361e-13	
   6.6056804e-13	
  -2.7973436e-14	
  -9.2312412e-14	
  -2.1360369e-13	
   4.9579087e-14	
   3.4322865e-13	
   2.9617960e-13	
   3.2352928e-13	
   1.4637397e-13	
  -7.5680124e-14	
   5.7747806e-14	
   1.0671554e-13	
   2.8506141e-13	
   2.5445205e-13	
  -2.5432763e-13	
  -1.6348702e-13	
  -2.4618898e-13	
  -1.4421861e-13	
  -1.8041195e-13	
  -1.2646992e-13	
  -1.3495894e-13	
  -3.1605614e-13	
  -2.0950043e-13	
  -4.9084259e-14	
   1.0342075e-13	
   3.9755761e-15	
   2.3655616e-13	
  -1.7754926e-13	
  -1.6418655e-14	
  -6.3162214e-14	
  -2.0027243e-13	
  -3.1910581e-13	
  -1.2601978e-13	
  -1.5846883e-13	
  -1.9125726e-13	
  -1.7880831e-13	
  -1.6386397e-13	
  -3.6029075e-13	
  -4.2177311e-13	
  -8.1065054e-14	
   1.9526056e-14	
   2.3736813e-13	
   2.8841829e-13	
   2.9918870e-13	
   7.0534937e-14	
  -1.1014401e-13	
  -1.8577309e-13	
  -1.2170885e-13	
   5.8544118e-14	
  -9.4325717e-14	
  -1.0954338e-13	
  -3.1531675e-13	
  -1.3903534e-13	
   2.5078169e-13	
   2.1932842e-13	
   1.4742795e-13	
  -6.5598754e-14	
  -1.7078587e-13	
   1.6229610e-13	
   1.2498982e-13	
   2.7298730e-13	
   2.2394876e-13	
   7.7942891e-14	
   4.8804677e-13	
   4.3006067e-13	
   3.9140177e-13	
   2.4501118e-13	
   4.1330713e-13	
   1.2681905e-13	
  -5.5899908e-14	
  -1.5357630e-13	
  -4.7528596e-14	
   2.7109166e-13	
   2.5514668e-13	
   3.3902654e-13	
   1.2790616e-13	
   5.3276677e-13	
   3.0910809e-13	
   2.8289018e-13	
   2.3384209e-13	
   2.1384770e-14	
   2.5874110e-13	
