   0.0000000e+00	   9.4911373e-13	
   5.0000000e-05	   8.1922744e-13	
   1.0000000e-04	   9.1045227e-13	
   1.5000000e-04	   2.4379598e-13	
   2.0000000e-04	   4.0722081e-13	
   2.5000000e-04	   7.4421502e-13	
   3.0000000e-04	   1.0324984e-12	
   3.5000000e-04	   8.8544753e-13	
   4.0000000e-04	   8.3215233e-13	
   4.5000000e-04	   3.0267260e-13	
   5.0000000e-04	   6.0491889e-13	
   5.5000000e-04	   8.0016202e-13	
   6.0000000e-04	   6.2042082e-13	
   6.5000000e-04	   2.3146556e-13	
   7.0000000e-04	   4.8619182e-13	
   7.5000000e-04	   7.5726719e-13	
   8.0000000e-04	   7.3095740e-13	
   8.5000000e-04	   4.6805658e-13	
   9.0000000e-04	   7.4909263e-13	
   9.5000000e-04	   1.3639207e-12	
   1.0000000e-03	   1.2004959e-12	
   1.0500000e-03	   9.7554685e-13	
   1.1000000e-03	   9.2452288e-13	
   1.1500000e-03	   1.1010199e-12	
   1.2000000e-03	   1.0556951e-12	
   1.2500000e-03	   9.6729569e-13	
   1.3000000e-03	   5.0162457e-13	
   1.3500000e-03	   7.1247131e-13	
   1.4000000e-03	   5.9358307e-13	
   1.4500000e-03	   6.0852625e-13	
   1.5000000e-03	   4.6267010e-13	
   1.5500000e-03	   1.5013485e-12	
   1.6000000e-03	   1.0389834e-12	
   1.6500000e-03	   7.5528852e-13	
   1.7000000e-03	   2.6916013e-13	
   1.7500000e-03	   1.4025369e-13	
   1.8000000e-03	   1.1009119e-13	
   1.8500000e-03	   3.5895039e-13	
   1.9000000e-03	   1.7673406e-13	
   1.9500000e-03	   4.8043817e-13	
   2.0000000e-03	   6.2936949e-13	
   2.0500000e-03	   1.1340076e-12	
   2.1000000e-03	   1.0923810e-12	
   2.1500000e-03	   6.4386300e-13	
   2.2000000e-03	   8.2742840e-13	
   2.2500000e-03	   7.6347956e-13	
   2.3000000e-03	   8.2868608e-13	
   2.3500000e-03	   9.6083208e-13	
   2.4000000e-03	   8.8328444e-13	
   2.4500000e-03	   6.7200206e-13	
   2.5000000e-03	   3.5184496e-13	
   2.5500000e-03	   3.7043979e-13	
   2.6000000e-03	   6.5896420e-13	
   2.6500000e-03	   9.4723329e-13	
   2.7000000e-03	   5.4932935e-13	
   2.7500000e-03	   6.9004378e-13	
   2.8000000e-03	   4.5548851e-14	
   2.8500000e-03	  -2.0237837e-13	
   2.9000000e-03	   5.8566780e-13	
   2.9500000e-03	   8.2868608e-13	
   3.0000000e-03	   6.5596476e-13	
   3.0500000e-03	   6.6706406e-13	
   3.1000000e-03	   5.9056780e-13	
   3.1500000e-03	   4.9746502e-13	
   3.2000000e-03	   3.4543505e-13	
   3.2500000e-03	   5.6578527e-13	
   3.3000000e-03	   9.6005002e-13	
   3.3500000e-03	   1.0872155e-12	
   3.4000000e-03	   6.0484473e-13	
   3.4500000e-03	   4.0589277e-13	
   3.5000000e-03	   4.6984161e-13	
   3.5500000e-03	   8.0105844e-13	
   3.6000000e-03	   1.2301223e-12	
   3.6500000e-03	   7.9253504e-13	
   3.7000000e-03	   7.7670303e-13	
   3.7500000e-03	   7.0158246e-13	
   3.8000000e-03	   3.9872126e-13	
   3.8500000e-03	   6.1074540e-13	
   3.9000000e-03	   8.5491672e-13	
   3.9500000e-03	   1.2961041e-12	
   4.0000000e-03	   1.2311675e-12	
   4.0500000e-03	   1.1966281e-12	
   4.1000000e-03	   1.0332033e-12	
   4.1500000e-03	   1.0161612e-12	
   4.2000000e-03	   1.0822904e-12	
   4.2500000e-03	   9.6005002e-13	
   4.3000000e-03	   5.7036277e-13	
   4.3500000e-03	   8.2014690e-13	
   4.4000000e-03	   8.6293169e-13	
   4.4500000e-03	   1.0323903e-12	
   4.5000000e-03	   7.5842587e-13	
   4.5500000e-03	   1.1959604e-12	
   4.6000000e-03	   9.6019026e-13	
   4.6500000e-03	   9.0206792e-13	
   4.7000000e-03	   7.1214212e-13	
   4.7500000e-03	   1.1129032e-12	
   4.8000000e-03	   1.2479063e-12	
   4.8500000e-03	   1.9711197e-12	
   4.9000000e-03	   1.9774121e-12	
   4.9500000e-03	   1.5064357e-12	
   5.0000000e-03	   1.2471288e-12	
   5.0500000e-03	   1.1035527e-12	
   5.1000000e-03	   9.6225545e-13	
   5.1500000e-03	   9.3398596e-13	
   5.2000000e-03	   6.5935690e-13	
   5.2500000e-03	   8.5830887e-13	
   5.3000000e-03	   1.0821283e-12	
   5.3500000e-03	   1.2030287e-12	
   5.4000000e-03	   8.9745485e-13	
   5.4500000e-03	   1.1713837e-12	
   5.5000000e-03	   1.1178007e-12	
   5.5500000e-03	   8.0900694e-13	
   5.6000000e-03	   1.3721648e-12	
   5.6500000e-03	   1.7572520e-12	
   5.7000000e-03	   1.3082160e-12	
   5.7500000e-03	   1.0680795e-12	
   5.8000000e-03	   6.9850289e-13	
   5.8500000e-03	   6.0764035e-13	
   5.9000000e-03	   5.4369150e-13	
   5.9500000e-03	   1.0453812e-12	
   6.0000000e-03	   1.1389816e-12	
   6.0500000e-03	   1.1384678e-12	
   6.1000000e-03	   1.2753813e-12	
   6.1500000e-03	   1.3664535e-12	
   6.2000000e-03	   1.0901531e-12	
   6.2500000e-03	   9.4012786e-13	
   6.3000000e-03	   1.1675015e-12	
   6.3500000e-03	   9.5778485e-13	
   6.4000000e-03	   8.9003934e-13	
   6.4500000e-03	   1.5581919e-12	
   6.5000000e-03	   1.3306435e-12	
   6.5500000e-03	   1.2833515e-12	
   6.6000000e-03	   9.1176014e-13	
   6.6500000e-03	   1.1745665e-12	
   6.7000000e-03	   7.7106518e-13	
   6.7500000e-03	   2.3303126e-13	
   6.8000000e-03	   8.1010383e-13	
   6.8500000e-03	   1.1533279e-12	
   6.9000000e-03	   1.1529402e-12	
   6.9500000e-03	   1.4480593e-12	
   7.0000000e-03	   1.1153819e-12	
   7.0500000e-03	   9.2225771e-13	
   7.1000000e-03	   7.1990482e-13	
   7.1500000e-03	   1.1057977e-12	
   7.2000000e-03	   1.3956865e-12	
   7.2500000e-03	   1.1673934e-12	
   7.3000000e-03	   1.3214779e-12	
   7.3500000e-03	   1.0900467e-12	
   7.4000000e-03	   8.9109471e-13	
   7.4500000e-03	   5.3503577e-13	
   7.5000000e-03	   3.3608381e-13	
   7.5500000e-03	   3.4323152e-13	
   7.6000000e-03	   3.3068226e-13	
   7.6500000e-03	   2.7932311e-13	
   7.7000000e-03	   8.2790860e-13	
   7.7500000e-03	   7.9238146e-13	
   7.8000000e-03	   7.1747800e-13	
   7.8500000e-03	   1.1661074e-12	
   7.9000000e-03	   1.2348965e-12	
   7.9500000e-03	   1.1803843e-12	
   8.0000000e-03	   5.5337722e-13	
   8.0500000e-03	   1.1589828e-13	
   8.1000000e-03	   6.4165947e-13	
   8.1500000e-03	   3.2255210e-13	
   8.2000000e-03	   5.2588673e-13	
   8.2500000e-03	   6.8398195e-13	
   8.3000000e-03	   7.3751660e-13	
   8.3500000e-03	   6.2135193e-13	
   8.4000000e-03	   4.5700401e-13	
   8.4500000e-03	   5.2897660e-13	
   8.5000000e-03	   3.3687137e-13	
   8.5500000e-03	  -1.4207038e-13	
   8.6000000e-03	   5.0729321e-13	
   8.6500000e-03	   6.9924817e-13	
   8.7000000e-03	   9.5405584e-13	
   8.7500000e-03	   4.3560208e-13	
   8.8000000e-03	  -1.9592921e-13	
   8.8500000e-03	   6.0023167e-14	
   8.9000000e-03	   2.2247970e-13	
   8.9500000e-03	   6.9850289e-13	
   9.0000000e-03	   5.1615569e-13	
   9.0500000e-03	   5.5608426e-13	
   9.1000000e-03	   4.2108114e-13	
   9.1500000e-03	  -1.1364867e-13	
   9.2000000e-03	   1.3949085e-13	
   9.2500000e-03	   5.6349977e-13	
   9.3000000e-03	   8.4872560e-13	
   9.3500000e-03	   5.6048265e-13	
   9.4000000e-03	   2.9434528e-13	
   9.4500000e-03	   1.0041219e-12	
   9.5000000e-03	   1.1391250e-12	
   9.5500000e-03	   1.1129344e-12	
   9.6000000e-03	   1.1153819e-12	
   9.6500000e-03	   5.2171895e-13	
   9.7000000e-03	   4.8320722e-13	
   9.7500000e-03	   5.3856464e-13	
   9.8000000e-03	   4.0141371e-13	
   9.8500000e-03	   6.3326644e-13	
   9.9000000e-03	   5.9410463e-13	
   9.9500000e-03	   2.2436014e-13	
   1.0000000e-02	  -5.7341089e-13	
   1.0050000e-02	  -5.4856575e-13	
   1.0100000e-02	  -9.1094255e-13	
   1.0150000e-02	  -1.1123533e-12	
   1.0200000e-02	  -1.6356961e-12	
   1.0250000e-02	  -1.9165368e-12	
   1.0300000e-02	  -2.2716335e-12	
   1.0350000e-02	  -2.8604645e-12	
   1.0400000e-02	  -3.8275599e-12	
   1.0450000e-02	  -4.1749685e-12	
   1.0500000e-02	  -5.4346944e-12	
   1.0550000e-02	  -5.9392539e-12	
   1.0600000e-02	  -6.4058966e-12	
   1.0650000e-02	  -6.6910471e-12	
   1.0700000e-02	  -6.8309646e-12	
   1.0750000e-02	  -7.6196671e-12	
   1.0800000e-02	  -8.1864641e-12	
   1.0850000e-02	  -8.9709750e-12	
   1.0900000e-02	  -9.4756173e-12	
   1.0950000e-02	  -1.0222539e-11	
   1.1000000e-02	  -1.0561679e-11	
   1.1050000e-02	  -1.0507066e-11	
   1.1100000e-02	  -1.1283740e-11	
   1.1150000e-02	  -1.1206105e-11	
   1.1200000e-02	  -1.1720932e-11	
   1.1250000e-02	  -1.2066856e-11	
   1.1300000e-02	  -1.2524697e-11	
   1.1350000e-02	  -1.2603437e-11	
   1.1400000e-02	  -1.2673060e-11	
   1.1450000e-02	  -1.2239735e-11	
   1.1500000e-02	  -1.2551458e-11	
   1.1550000e-02	  -1.2837242e-11	
   1.1600000e-02	  -1.3220021e-11	
   1.1650000e-02	  -1.2936067e-11	
   1.1700000e-02	  -1.3205967e-11	
   1.1750000e-02	  -1.3106491e-11	
   1.1800000e-02	  -1.3306294e-11	
   1.1850000e-02	  -1.3553323e-11	
   1.1900000e-02	  -1.3248442e-11	
   1.1950000e-02	  -1.3122767e-11	
   1.2000000e-02	  -1.4034065e-11	
   1.2050000e-02	  -1.3774244e-11	
   1.2100000e-02	  -1.4278993e-11	
   1.2150000e-02	  -1.4051513e-11	
   1.2200000e-02	  -1.2673060e-11	
   1.2250000e-02	  -1.3081938e-11	
   1.2300000e-02	  -1.2766854e-11	
   1.2350000e-02	  -1.3491103e-11	
   1.2400000e-02	  -1.3626106e-11	
   1.2450000e-02	  -1.3458691e-11	
   1.2500000e-02	  -1.4314520e-11	
   1.2550000e-02	  -1.4258422e-11	
   1.2600000e-02	  -1.4357046e-11	
   1.2650000e-02	  -1.4758104e-11	
   1.2700000e-02	  -1.4556850e-11	
   1.2750000e-02	  -1.4577421e-11	
   1.2800000e-02	  -1.3824245e-11	
   1.2850000e-02	  -1.3778270e-11	
   1.2900000e-02	  -1.4747687e-11	
   1.2950000e-02	  -1.4342099e-11	
   1.3000000e-02	  -1.4265527e-11	
   1.3050000e-02	  -1.4365003e-11	
   1.3100000e-02	  -1.4063711e-11	
   1.3150000e-02	  -1.4841134e-11	
   1.3200000e-02	  -1.4247394e-11	
   1.3250000e-02	  -1.4834204e-11	
   1.3300000e-02	  -1.4691107e-11	
   1.3350000e-02	  -1.3903150e-11	
   1.3400000e-02	  -1.4436300e-11	
   1.3450000e-02	  -1.4591632e-11	
   1.3500000e-02	  -1.4460391e-11	
   1.3550000e-02	  -1.4301297e-11	
   1.3600000e-02	  -1.4599725e-11	
   1.3650000e-02	  -1.4694870e-11	
   1.3700000e-02	  -1.4805850e-11	
   1.3750000e-02	  -1.4576578e-11	
   1.3800000e-02	  -1.4268544e-11	
   1.3850000e-02	  -1.3810780e-11	
   1.3900000e-02	  -1.4330056e-11	
   1.3950000e-02	  -1.4218972e-11	
   1.4000000e-02	  -1.4293204e-11	
   1.4050000e-02	  -1.3951300e-11	
   1.4100000e-02	  -1.5130468e-11	
   1.4150000e-02	  -1.4666504e-11	
   1.4200000e-02	  -1.4528670e-11	
   1.4250000e-02	  -1.4429194e-11	
   1.4300000e-02	  -1.4350047e-11	
   1.4350000e-02	  -1.3292151e-11	
   1.4400000e-02	  -1.2742102e-11	
   1.4450000e-02	  -1.3348927e-11	
   1.4500000e-02	  -1.3576301e-11	
   1.4550000e-02	  -1.4030196e-11	
   1.4600000e-02	  -1.3908335e-11	
   1.4650000e-02	  -1.3675777e-11	
   1.4700000e-02	  -1.3370486e-11	
   1.4750000e-02	  -1.2762249e-11	
   1.4800000e-02	  -1.2263055e-11	
   1.4850000e-02	  -1.2598824e-11	
   1.4900000e-02	  -1.2866068e-11	
   1.4950000e-02	  -1.2159227e-11	
   1.5000000e-02	  -1.2996673e-11	
   1.5050000e-02	  -1.3573437e-11	
   1.5100000e-02	  -1.2332851e-11	
   1.5150000e-02	  -1.2077015e-11	
   1.5200000e-02	  -1.1615162e-11	
   1.5250000e-02	  -1.2503381e-11	
   1.5300000e-02	  -1.2695808e-11	
   1.5350000e-02	  -1.2397380e-11	
   1.5400000e-02	  -1.2780803e-11	
   1.5450000e-02	  -1.2586985e-11	
   1.5500000e-02	  -1.2393936e-11	
   1.5550000e-02	  -1.2089605e-11	
   1.5600000e-02	  -1.1990129e-11	
   1.5650000e-02	  -1.0761543e-11	
   1.5700000e-02	  -1.1217299e-11	
   1.5750000e-02	  -1.1103854e-11	
   1.5800000e-02	  -1.1201426e-11	
   1.5850000e-02	  -1.0987061e-11	
   1.5900000e-02	  -1.0569853e-11	
   1.5950000e-02	  -1.0704856e-11	
   1.6000000e-02	  -1.1103572e-11	
   1.6050000e-02	  -1.0292584e-11	
   1.6100000e-02	  -9.9941565e-12	
   1.6150000e-02	  -1.0129160e-11	
   1.6200000e-02	  -1.0039056e-11	
   1.6250000e-02	  -1.0259354e-11	
   1.6300000e-02	  -9.8957316e-12	
   1.6350000e-02	  -9.4694314e-12	
   1.6400000e-02	  -1.0357600e-11	
   1.6450000e-02	  -1.0381875e-11	
   1.6500000e-02	  -1.0445824e-11	
   1.6550000e-02	  -9.7565979e-12	
   1.6600000e-02	  -9.3059966e-12	
   1.6650000e-02	  -8.7832098e-12	
   1.6700000e-02	  -9.0442966e-12	
   1.6750000e-02	  -9.0643139e-12	
   1.6800000e-02	  -9.6473094e-12	
   1.6850000e-02	  -1.0478294e-11	
   1.6900000e-02	  -1.0155496e-11	
   1.6950000e-02	  -1.0144689e-11	
   1.7000000e-02	  -9.7251590e-12	
   1.7050000e-02	  -8.9648379e-12	
   1.7100000e-02	  -9.3559193e-12	
   1.7150000e-02	  -8.6807289e-12	
   1.7200000e-02	  -8.7019371e-12	
   1.7250000e-02	  -8.6623621e-12	
   1.7300000e-02	  -8.2333294e-12	
   1.7350000e-02	  -7.9998278e-12	
   1.7400000e-02	  -8.0098870e-12	
   1.7450000e-02	  -8.4096462e-12	
   1.7500000e-02	  -8.5299392e-12	
   1.7550000e-02	  -8.3601717e-12	
   1.7600000e-02	  -7.9589248e-12	
   1.7650000e-02	  -7.6261939e-12	
   1.7700000e-02	  -7.3975960e-12	
   1.7750000e-02	  -8.0482006e-12	
   1.7800000e-02	  -7.9623762e-12	
   1.7850000e-02	  -7.9338461e-12	
   1.7900000e-02	  -8.3568842e-12	
   1.7950000e-02	  -7.5906668e-12	
   1.8000000e-02	  -8.0110895e-12	
   1.8050000e-02	  -7.9874020e-12	
   1.8100000e-02	  -7.7600283e-12	
   1.8150000e-02	  -7.5966035e-12	
   1.8200000e-02	  -7.8040724e-12	
   1.8250000e-02	  -8.0838053e-12	
   1.8300000e-02	  -8.4420938e-12	
   1.8350000e-02	  -7.8606730e-12	
   1.8400000e-02	  -6.7847997e-12	
   1.8450000e-02	  -6.9114676e-12	
   1.8500000e-02	  -7.6362212e-12	
   1.8550000e-02	  -7.3337027e-12	
   1.8600000e-02	  -7.0352747e-12	
   1.8650000e-02	  -6.3694765e-12	
   1.8700000e-02	  -6.3288325e-12	
   1.8750000e-02	  -6.5917333e-12	
   1.8800000e-02	  -6.7114491e-12	
   1.8850000e-02	  -6.7723184e-12	
   1.8900000e-02	  -6.3146117e-12	
   1.8950000e-02	  -6.2934801e-12	
   1.9000000e-02	  -5.9216818e-12	
   1.9050000e-02	  -6.4099971e-12	
   1.9100000e-02	  -6.3033602e-12	
   1.9150000e-02	  -6.4466930e-12	
   1.9200000e-02	  -6.3645343e-12	
   1.9250000e-02	  -5.9026816e-12	
   1.9300000e-02	  -5.5430795e-12	
   1.9350000e-02	  -5.6253275e-12	
   1.9400000e-02	  -5.7248457e-12	
   1.9450000e-02	  -6.1573828e-12	
   1.9500000e-02	  -5.9928888e-12	
   1.9550000e-02	  -5.9585373e-12	
   1.9600000e-02	  -5.9806566e-12	
   1.9650000e-02	  -5.8172318e-12	
   1.9700000e-02	  -5.3909061e-12	
   1.9750000e-02	  -5.3522273e-12	
   1.9800000e-02	  -5.3402586e-12	
   1.9850000e-02	  -4.9221326e-12	
   1.9900000e-02	  -5.3909061e-12	
   1.9950000e-02	  -5.1832829e-12	
   2.0000000e-02	  -5.6780826e-12	
   2.0050000e-02	  -5.5848277e-12	
   2.0100000e-02	  -5.5172380e-12	
   2.0150000e-02	  -5.6522412e-12	
   2.0200000e-02	  -6.0138092e-12	
   2.0250000e-02	  -5.3840530e-12	
   2.0300000e-02	  -4.7587754e-12	
   2.0350000e-02	  -4.2376955e-12	
   2.0400000e-02	  -4.2224644e-12	
   2.0450000e-02	  -4.5950983e-12	
   2.0500000e-02	  -5.0203574e-12	
   2.0550000e-02	  -5.5542327e-12	
   2.0600000e-02	  -5.4730196e-12	
   2.0650000e-02	  -4.5786465e-12	
   2.0700000e-02	  -4.1545717e-12	
   2.0750000e-02	  -3.6422764e-12	
   2.0800000e-02	  -4.1325509e-12	
   2.0850000e-02	  -4.7919188e-12	
   2.0900000e-02	  -4.6255950e-12	
   2.0950000e-02	  -4.2685009e-12	
   2.1000000e-02	  -4.0398084e-12	
   2.1050000e-02	  -4.0834093e-12	
   2.1100000e-02	  -4.1189769e-12	
   2.1150000e-02	  -4.4723273e-12	
   2.1200000e-02	  -4.5362762e-12	
   2.1250000e-02	  -4.4443185e-12	
   2.1300000e-02	  -3.9008415e-12	
   2.1350000e-02	  -4.0179929e-12	
   2.1400000e-02	  -3.7195649e-12	
   2.1450000e-02	  -3.7203276e-12	
   2.1500000e-02	  -3.7791298e-12	
   2.1550000e-02	  -3.5079679e-12	
   2.1600000e-02	  -3.6949538e-12	
   2.1650000e-02	  -3.6429710e-12	
   2.1700000e-02	  -3.5020632e-12	
   2.1750000e-02	  -3.7403156e-12	
   2.1800000e-02	  -4.1523208e-12	
   2.1850000e-02	  -3.7544169e-12	
   2.1900000e-02	  -3.8894200e-12	
   2.1950000e-02	  -3.5748761e-12	
   2.2000000e-02	  -3.1937633e-12	
   2.2050000e-02	  -3.4229551e-12	
   2.2100000e-02	  -3.4124457e-12	
   2.2150000e-02	  -3.0774962e-12	
   2.2200000e-02	  -3.0958630e-12	
   2.2250000e-02	  -3.3425644e-12	
   2.2300000e-02	  -3.5052888e-12	
   2.2350000e-02	  -3.2430884e-12	
   2.2400000e-02	  -3.0188491e-12	
   2.2450000e-02	  -3.1170172e-12	
   2.2500000e-02	  -2.5265094e-12	
   2.2550000e-02	  -3.0441364e-12	
   2.2600000e-02	  -2.5447548e-12	
   2.2650000e-02	  -2.5345243e-12	
   2.2700000e-02	  -2.5345243e-12	
   2.2750000e-02	  -2.8179384e-12	
   2.2800000e-02	  -2.3757532e-12	
   2.2850000e-02	  -2.2314255e-12	
   2.2900000e-02	  -1.8942328e-12	
   2.2950000e-02	  -2.4130374e-12	
   2.3000000e-02	  -2.8910255e-12	
   2.3050000e-02	  -2.7915495e-12	
   2.3100000e-02	  -2.6530757e-12	
   2.3150000e-02	  -3.1439452e-12	
   2.3200000e-02	  -3.1242748e-12	
   2.3250000e-02	  -2.9851256e-12	
   2.3300000e-02	  -3.0934786e-12	
   2.3350000e-02	  -3.3698274e-12	
   2.3400000e-02	  -3.4795307e-12	
   2.3450000e-02	  -3.8228515e-12	
   2.3500000e-02	  -3.3689843e-12	
   2.3550000e-02	  -2.7950506e-12	
   2.3600000e-02	  -2.7382385e-12	
   2.3650000e-02	  -2.3134530e-12	
   2.3700000e-02	  -2.5960987e-12	
   2.3750000e-02	  -2.2150324e-12	
   2.3800000e-02	  -2.2329447e-12	
   2.3850000e-02	  -2.2508211e-12	
   2.3900000e-02	  -2.1627808e-12	
   2.3950000e-02	  -2.2736986e-12	
   2.4000000e-02	  -2.1428163e-12	
   2.4050000e-02	  -2.2372521e-12	
   2.4100000e-02	  -2.4991819e-12	
   2.4150000e-02	  -2.3216138e-12	
   2.4200000e-02	  -2.4684441e-12	
   2.4250000e-02	  -2.5884460e-12	
   2.4300000e-02	  -2.2007539e-12	
   2.4350000e-02	  -1.8891603e-12	
   2.4400000e-02	  -1.9886363e-12	
   2.4450000e-02	  -2.0395790e-12	
   2.4500000e-02	  -2.1263776e-12	
   2.4550000e-02	  -2.3213714e-12	
   2.4600000e-02	  -2.1579466e-12	
   2.4650000e-02	  -1.6727890e-12	
   2.4700000e-02	  -2.2576650e-12	
   2.4750000e-02	  -2.3993778e-12	
   2.4800000e-02	  -2.0160128e-12	
   2.4850000e-02	  -1.7123698e-12	
   2.4900000e-02	  -1.7534496e-12	
   2.4950000e-02	  -1.8310293e-12	
   2.5000000e-02	  -1.7948653e-12	
   2.5050000e-02	  -1.8588141e-12	
   2.5100000e-02	  -2.0189531e-12	
   2.5150000e-02	  -1.7967897e-12	
   2.5200000e-02	  -1.4963289e-12	
   2.5250000e-02	  -2.0667218e-12	
   2.5300000e-02	  -2.3191206e-12	
   2.5350000e-02	  -2.5180726e-12	
   2.5400000e-02	  -2.3225913e-12	
   2.5450000e-02	  -2.5811107e-12	
   2.5500000e-02	  -2.2434541e-12	
   2.5550000e-02	  -1.9875911e-12	
   2.5600000e-02	  -1.4717251e-12	
   2.5650000e-02	  -1.3321413e-12	
   2.5700000e-02	  -1.7540830e-12	
   2.5750000e-02	  -2.0383452e-12	
   2.5800000e-02	  -1.9304276e-12	
   2.5850000e-02	  -1.7489469e-12	
   2.5900000e-02	  -1.7022798e-12	
   2.5950000e-02	  -1.4806598e-12	
   2.6000000e-02	  -1.2770483e-12	
   2.6050000e-02	  -1.7505841e-12	
   2.6100000e-02	  -1.7336861e-12	
   2.6150000e-02	  -1.3037196e-12	
   2.6200000e-02	  -1.4756634e-12	
   2.6250000e-02	  -1.7203595e-12	
   2.6300000e-02	  -1.4315372e-12	
   2.6350000e-02	  -1.5665403e-12	
   2.6400000e-02	  -1.8992195e-12	
   2.6450000e-02	  -1.8720002e-12	
   2.6500000e-02	  -1.7505841e-12	
   2.6550000e-02	  -1.5673832e-12	
   2.6600000e-02	  -1.8002136e-12	
   2.6650000e-02	  -2.2502917e-12	
   2.6700000e-02	  -1.9452877e-12	
   2.6750000e-02	  -2.0626443e-12	
   2.6800000e-02	  -2.2089045e-12	
   2.6850000e-02	  -2.5547741e-12	
   2.6900000e-02	  -2.2425072e-12	
   2.6950000e-02	  -2.4682010e-12	
   2.7000000e-02	  -2.3255451e-12	
   2.7050000e-02	  -2.2983259e-12	
   2.7100000e-02	  -1.8302840e-12	
   2.7150000e-02	  -1.3484318e-12	
   2.7200000e-02	  -1.3407970e-12	
   2.7250000e-02	  -1.0777683e-12	
   2.7300000e-02	  -1.5782510e-12	
   2.7350000e-02	  -1.5538232e-12	
   2.7400000e-02	  -1.6137781e-12	
   2.7450000e-02	  -1.7873879e-12	
   2.7500000e-02	  -1.8411518e-12	
   2.7550000e-02	  -1.6818830e-12	
   2.7600000e-02	  -1.6050093e-12	
   2.7650000e-02	  -1.6100157e-12	
   2.7700000e-02	  -1.5744886e-12	
   2.7750000e-02	  -2.0577661e-12	
   2.7800000e-02	  -1.7269402e-12	
   2.7850000e-02	  -2.1208438e-12	
   2.7900000e-02	  -1.8854788e-12	
   2.7950000e-02	  -1.9588413e-12	
   2.8000000e-02	  -1.4868749e-12	
   2.8050000e-02	  -2.1146095e-12	
   2.8100000e-02	  -2.2496126e-12	
   2.8150000e-02	  -1.5445267e-12	
   2.8200000e-02	  -1.2597310e-12	
   2.8250000e-02	  -1.6659428e-12	
   2.8300000e-02	  -1.8009459e-12	
   2.8350000e-02	  -1.8948837e-12	
   2.8400000e-02	  -1.7967607e-12	
   2.8450000e-02	  -1.3539569e-12	
   2.8500000e-02	  -9.1845498e-13	
   2.8550000e-02	  -1.1251980e-12	
   2.8600000e-02	  -1.1431565e-12	
   2.8650000e-02	  -1.4283225e-12	
   2.8700000e-02	  -1.0555289e-12	
   2.8750000e-02	  -1.8579429e-12	
   2.8800000e-02	  -1.6110711e-12	
   2.8850000e-02	  -1.4166290e-12	
   2.8900000e-02	  -1.4281527e-12	
   2.8950000e-02	  -1.4192245e-12	
   2.9000000e-02	  -1.3917062e-12	
   2.9050000e-02	  -1.1430613e-12	
   2.9100000e-02	  -6.7308702e-13	
   2.9150000e-02	  -6.3755988e-13	
   2.9200000e-02	  -8.0098471e-13	
   2.9250000e-02	  -1.5257383e-12	
   2.9300000e-02	  -1.8525880e-12	
   2.9350000e-02	  -1.7175848e-12	
   2.9400000e-02	  -1.0477706e-12	
   2.9450000e-02	  -1.0294036e-12	
   2.9500000e-02	  -1.0351270e-12	
   2.9550000e-02	  -1.2625006e-12	
   2.9600000e-02	  -9.2888241e-13	
   2.9650000e-02	  -1.2860442e-12	
   2.9700000e-02	  -1.0586705e-12	
   2.9750000e-02	  -1.1146396e-12	
   2.9800000e-02	  -1.1207966e-12	
   2.9850000e-02	  -1.0423691e-12	
   2.9900000e-02	  -1.5844721e-12	
   2.9950000e-02	  -1.7782117e-12	
   3.0000000e-02	  -1.5681707e-12	
   3.0050000e-02	  -9.4686238e-13	
   3.0100000e-02	  -7.5025901e-13	
   3.0150000e-02	  -4.9512326e-13	
   3.0200000e-02	  -1.0067997e-12	
   3.0250000e-02	  -1.2341734e-12	
   3.0300000e-02	  -1.6014520e-12	
   3.0350000e-02	  -1.1123723e-12	
   3.0400000e-02	  -1.0274791e-12	
   3.0450000e-02	  -7.2729409e-13	
   3.0500000e-02	  -5.3104613e-13	
   3.0550000e-02	  -9.4342245e-13	
   3.0600000e-02	  -8.6770825e-13	
   3.0650000e-02	  -9.4775273e-13	
   3.0700000e-02	  -1.0179310e-12	
   3.0750000e-02	  -1.5420094e-12	
   3.0800000e-02	  -1.3684312e-12	
   3.0850000e-02	  -1.0564972e-12	
   3.0900000e-02	  -1.5162073e-12	
   3.0950000e-02	  -1.4509550e-12	
   3.1000000e-02	  -1.1134488e-12	
   3.1050000e-02	  -7.7129275e-13	
   3.1100000e-02	  -2.8506321e-13	
   3.1150000e-02	   3.9286283e-14	
   3.1200000e-02	  -3.5523320e-13	
   3.1250000e-02	  -3.2958055e-13	
   3.1300000e-02	  -1.0328275e-12	
   3.1350000e-02	  -1.2957283e-12	
   3.1400000e-02	  -1.3713093e-12	
   3.1450000e-02	  -8.7305510e-13	
   3.1500000e-02	  -1.6462025e-12	
   3.1550000e-02	  -8.2212628e-13	
   3.1600000e-02	  -1.0850271e-12	
   3.1650000e-02	  -1.3437719e-12	
   3.1700000e-02	  -1.3225111e-12	
   3.1750000e-02	  -1.6668591e-12	
   3.1800000e-02	  -1.5303978e-12	
   3.1850000e-02	  -1.0444597e-12	
   3.1900000e-02	  -6.1591552e-13	
   3.1950000e-02	  -4.9646745e-13	
   3.2000000e-02	  -5.7327418e-13	
   3.2050000e-02	  -5.6397768e-13	
   3.2100000e-02	  -6.0669221e-13	
   3.2150000e-02	  -6.5278685e-13	
   3.2200000e-02	  -2.5488292e-13	
   3.2250000e-02	   3.7783795e-14	
   3.2300000e-02	  -2.5488292e-13	
   3.2350000e-02	  -6.9440330e-13	
   3.2400000e-02	  -1.0304186e-12	
   3.2450000e-02	  -1.0968847e-12	
   3.2500000e-02	  -1.0779217e-12	
   3.2550000e-02	  -8.7628071e-13	
   3.2600000e-02	  -5.5130705e-13	
   3.2650000e-02	  -7.1554487e-13	
   3.2700000e-02	  -7.1547716e-13	
   3.2750000e-02	  -6.5152831e-13	
   3.2800000e-02	  -8.5048028e-13	
   3.2850000e-02	  -4.4143812e-13	
   3.2900000e-02	  -6.8701501e-13	
   3.2950000e-02	  -1.0848737e-12	
   3.3000000e-02	  -6.1631126e-13	
   3.3050000e-02	  -6.2306616e-13	
   3.3100000e-02	  -3.3077534e-13	
   3.3150000e-02	   2.6507182e-13	
   3.3200000e-02	   3.7630435e-14	
   3.3250000e-02	   2.2186764e-13	
   3.3300000e-02	  -1.0465283e-13	
   3.3350000e-02	  -1.6643837e-13	
   3.3400000e-02	  -3.4728253e-13	
   3.3450000e-02	  -4.6370763e-13	
   3.3500000e-02	  -5.0999138e-13	
   3.3550000e-02	  -3.1103942e-13	
   3.3600000e-02	  -4.4326738e-13	
   3.3650000e-02	  -4.9234488e-13	
   3.3700000e-02	  -6.2734800e-13	
   3.3750000e-02	  -1.2225624e-12	
   3.3800000e-02	  -1.0850271e-12	
   3.3850000e-02	  -8.4945245e-13	
   3.3900000e-02	  -1.9024715e-13	
   3.3950000e-02	  -2.8911107e-13	
   3.4000000e-02	   1.3660251e-13	
   3.4050000e-02	  -4.2264662e-13	
   3.4100000e-02	  -9.0512016e-13	
   3.4150000e-02	  -9.1673175e-13	
   3.4200000e-02	  -6.1449316e-13	
   3.4250000e-02	  -1.4253746e-13	
   3.4300000e-02	   4.6311587e-14	
   3.4350000e-02	  -3.5207254e-13	
   3.4400000e-02	  -3.4448692e-13	
   3.4450000e-02	  -3.8759967e-13	
   3.4500000e-02	  -7.0529216e-13	
   3.4550000e-02	  -6.0738773e-13	
   3.4600000e-02	   1.0228385e-13	
   3.4650000e-02	  -5.8913811e-14	
   3.4700000e-02	  -1.8903867e-13	
   3.4750000e-02	  -2.4067207e-13	
   3.4800000e-02	  -3.9470510e-13	
   3.4850000e-02	  -1.7070042e-13	
   3.4900000e-02	  -2.3701961e-13	
   3.4950000e-02	  -1.3754362e-13	
   3.5000000e-02	  -5.5212004e-13	
   3.5050000e-02	  -3.2492108e-13	
   3.5100000e-02	   2.2483317e-13	
   3.5150000e-02	   1.0556963e-13	
   3.5200000e-02	   3.0534928e-14	
   3.5250000e-02	  -1.9050842e-14	
   3.5300000e-02	  -5.4914840e-14	
   3.5350000e-02	  -3.7038385e-13	
   3.5400000e-02	  -1.4396340e-13	
   3.5450000e-02	  -4.8825527e-14	
   3.5500000e-02	  -3.8001405e-13	
   3.5550000e-02	  -2.9524820e-13	
   3.5600000e-02	   1.9593843e-13	
   3.5650000e-02	  -3.2328307e-14	
   3.5700000e-02	   2.7992799e-14	
   3.5750000e-02	  -1.3496496e-13	
   3.5800000e-02	   3.2134362e-13	
   3.5850000e-02	   2.4855834e-13	
   3.5900000e-02	  -6.6165086e-13	
   3.5950000e-02	  -2.5765024e-13	
   3.6000000e-02	  -4.2907691e-13	
   3.6050000e-02	  -4.2023199e-13	
   3.6100000e-02	  -4.5575913e-13	
   3.6150000e-02	   5.6673253e-14	
   3.6200000e-02	   6.3519936e-14	
   3.6250000e-02	  -6.1737399e-14	
   3.6300000e-02	  -4.2066806e-13	
   3.6350000e-02	   1.0426827e-13	
   3.6400000e-02	  -6.8246407e-14	
   3.6450000e-02	  -3.7597529e-14	
   3.6500000e-02	  -3.7563008e-13	
   3.6550000e-02	  -4.3062320e-13	
   3.6600000e-02	   2.1184660e-14	
   3.6650000e-02	  -5.3064161e-13	
   3.6700000e-02	  -3.9563849e-13	
   3.6750000e-02	  -5.1658298e-13	
   3.6800000e-02	  -2.3444094e-13	
   3.6850000e-02	   3.5753681e-13	
   3.6900000e-02	   2.9657310e-13	
   3.6950000e-02	   5.1319016e-13	
   3.7000000e-02	   1.4528352e-13	
   3.7050000e-02	  -3.0028280e-13	
   3.7100000e-02	  -2.7207663e-13	
   3.7150000e-02	  -2.6682649e-13	
   3.7200000e-02	   1.8302742e-14	
   3.7250000e-02	  -5.0461696e-13	
   3.7300000e-02	  -2.0870632e-13	
   3.7350000e-02	  -4.3025132e-13	
   3.7400000e-02	   9.8028139e-14	
   3.7450000e-02	   1.0869463e-13	
   3.7500000e-02	  -3.3423839e-14	
   3.7550000e-02	  -2.6682649e-13	
   3.7600000e-02	   3.2430916e-13	
   3.7650000e-02	   6.2273710e-13	
   3.7700000e-02	   3.1709531e-13	
   3.7750000e-02	  -5.7108311e-13	
   3.7800000e-02	  -8.2201813e-13	
   3.7850000e-02	  -4.8036119e-13	
   3.7900000e-02	  -2.7754058e-13	
   3.7950000e-02	  -3.2473644e-13	
   3.8000000e-02	  -4.6370763e-13	
   3.8050000e-02	  -2.3633396e-13	
   3.8100000e-02	  -3.3884907e-13	
   3.8150000e-02	   2.3951414e-13	
   3.8200000e-02	   6.7947210e-13	
   3.8250000e-02	   2.8459873e-14	
   3.8300000e-02	   3.8706885e-14	
   3.8350000e-02	   5.8946717e-14	
   3.8400000e-02	   1.5081336e-13	
   3.8450000e-02	   2.4526355e-13	
   3.8500000e-02	  -1.1208745e-13	
   3.8550000e-02	   1.1161645e-13	
   3.8600000e-02	   5.3658608e-13	
   3.8650000e-02	   9.6291172e-13	
   3.8700000e-02	   6.6448377e-13	
   3.8750000e-02	   7.0502827e-13	
   3.8800000e-02	   8.1933559e-13	
   3.8850000e-02	   9.3064082e-13	
   3.8900000e-02	   3.1583763e-13	
   3.8950000e-02	   4.0082022e-13	
   3.9000000e-02	  -1.1143018e-13	
   3.9050000e-02	  -5.2922803e-13	
   3.9100000e-02	  -3.5628315e-13	
   3.9150000e-02	  -4.7690974e-13	
   3.9200000e-02	  -2.9233430e-13	
   3.9250000e-02	  -7.7342375e-14	
   3.9300000e-02	   3.4898327e-13	
   3.9350000e-02	   7.7364547e-13	
   3.9400000e-02	   7.3466688e-13	
   3.9450000e-02	   3.6462543e-13	
   3.9500000e-02	   2.2030641e-13	
   3.9550000e-02	  -1.1759343e-13	
   3.9600000e-02	   4.5831394e-14	
   3.9650000e-02	   4.9187388e-13	
   3.9700000e-02	   3.0063940e-13	
   3.9750000e-02	   6.1299533e-13	
   3.9800000e-02	   6.7110900e-13	
   3.9850000e-02	   7.5172746e-13	
   3.9900000e-02	   7.0624518e-13	
   3.9950000e-02	   4.3136068e-13	
   4.0000000e-02	   8.7193707e-14	
   4.0050000e-02	  -3.5488973e-14	
   4.0100000e-02	   4.1879130e-13	
   4.0150000e-02	   8.6196816e-13	
   4.0200000e-02	   5.9966376e-13	
   4.0250000e-02	  -2.4047171e-14	
   4.0300000e-02	   8.0371148e-14	
   4.0350000e-02	   3.5687076e-13	
   4.0400000e-02	   7.4229251e-14	
   4.0450000e-02	   3.1631783e-13	
   4.0500000e-02	   5.7779627e-13	
   4.0550000e-02	   4.7816693e-13	
   4.0600000e-02	   4.4957050e-13	
   4.0650000e-02	   5.1351935e-13	
   4.0700000e-02	   6.1898951e-13	
   4.0750000e-02	   1.2582730e-13	
   4.0800000e-02	  -6.0773869e-14	
   4.0850000e-02	   4.7197489e-14	
   4.0900000e-02	   2.4784385e-13	
   4.0950000e-02	   3.5818765e-13	
   4.1000000e-02	   4.7213795e-13	
   4.1050000e-02	   4.2615548e-13	
   4.1100000e-02	   3.9525501e-13	
   4.1150000e-02	  -3.2610850e-14	
   4.1200000e-02	   2.0120060e-13	
   4.1250000e-02	   4.4565046e-15	
   4.1300000e-02	   7.2982852e-14	
   4.1350000e-02	   2.1772775e-13	
   4.1400000e-02	  -1.2097636e-14	
   4.1450000e-02	  -1.4464905e-13	
   4.1500000e-02	   3.6916087e-13	
   4.1550000e-02	   5.0894185e-13	
   4.1600000e-02	   5.4282035e-13	
   4.1650000e-02	   6.1542091e-13	
   4.1700000e-02	   5.2654279e-14	
   4.1750000e-02	  -8.6712972e-14	
   4.1800000e-02	   4.5440431e-14	
   4.1850000e-02	  -1.1272927e-13	
   4.1900000e-02	   2.2108557e-13	
   4.1950000e-02	   1.9344593e-13	
   4.2000000e-02	   3.7885309e-13	
   4.2050000e-02	   7.3992201e-13	
   4.2100000e-02	   4.3969038e-13	
   4.2150000e-02	   5.9878448e-13	
   4.2200000e-02	   4.7461579e-13	
   4.2250000e-02	   2.2897306e-13	
   4.2300000e-02	   2.8517466e-13	
   4.2350000e-02	   1.0161612e-12	
   4.2400000e-02	   6.1317005e-13	
   4.2450000e-02	   8.8977781e-13	
   4.2500000e-02	   7.7729945e-13	
   4.2550000e-02	   6.6777855e-13	
   4.2600000e-02	   5.4567006e-13	
   4.2650000e-02	   3.7299200e-13	
   4.2700000e-02	  -1.8136534e-14	
   4.2750000e-02	   2.6916013e-13	
   4.2800000e-02	   3.3746487e-13	
   4.2850000e-02	   3.9036916e-14	
   4.2900000e-02	   4.9248593e-13	
   4.2950000e-02	   2.2745879e-13	
   4.3000000e-02	   5.0768417e-13	
   4.3050000e-02	   1.8083451e-13	
   4.3100000e-02	  -8.9190808e-14	
   4.3150000e-02	   1.0172462e-13	
   4.3200000e-02	   6.2720619e-13	
   4.3250000e-02	   3.7869095e-13	
   4.3300000e-02	   4.3726367e-13	
   4.3350000e-02	   7.0016448e-13	
   4.3400000e-02	   7.9238146e-13	
   4.3450000e-02	   5.1615569e-13	
   4.3500000e-02	   6.9859732e-13	
   4.3550000e-02	   9.9133343e-13	
   4.3600000e-02	   8.8332163e-13	
   4.3650000e-02	   6.6397972e-13	
   4.3700000e-02	   3.5687076e-13	
   4.3750000e-02	   8.2740455e-13	
   4.3800000e-02	   9.1819952e-13	
   4.3850000e-02	   5.5332171e-13	
   4.3900000e-02	   1.1579014e-13	
   4.3950000e-02	   4.0108368e-13	
   4.4000000e-02	   2.3172783e-13	
   4.4050000e-02	   2.2219683e-13	
   4.4100000e-02	  -1.1868897e-13	
   4.4150000e-02	   3.4731983e-13	
   4.4200000e-02	   9.4248134e-13	
   4.4250000e-02	   8.2063393e-13	
   4.4300000e-02	   9.2530494e-13	
   4.4350000e-02	   1.0334619e-12	
   4.4400000e-02	   8.2080317e-13	
   4.4450000e-02	   7.5510388e-13	
   4.4500000e-02	   6.2536272e-13	
   4.4550000e-02	   8.1293501e-13	
   4.4600000e-02	   8.1699252e-13	
   4.4650000e-02	   7.1037257e-13	
   4.4700000e-02	   8.1627803e-13	
   4.4750000e-02	   6.9115503e-13	
   4.4800000e-02	   5.9410463e-13	
   4.4850000e-02	   6.2748905e-13	
   4.4900000e-02	   1.0315501e-13	
   4.4950000e-02	  -1.6281247e-14	
   4.5000000e-02	   4.5912189e-13	
   4.5050000e-02	   6.6515890e-13	
   4.5100000e-02	   1.4351262e-12	
   4.5150000e-02	   9.9662075e-13	
   4.5200000e-02	   6.4642372e-13	
   4.5250000e-02	   4.1905005e-13	
   4.5300000e-02	   1.1093557e-13	
   4.5350000e-02	  -9.9390873e-14	
   4.5400000e-02	   5.3200543e-13	
   4.5450000e-02	   9.2563414e-13	
   4.5500000e-02	   1.4103844e-12	
   4.5550000e-02	   1.1975444e-12	
   4.5600000e-02	   8.6168529e-13	
   4.5650000e-02	   6.9953071e-13	
   4.5700000e-02	   6.5337796e-13	
   4.5750000e-02	   3.5878115e-13	
   4.5800000e-02	   2.7438078e-13	
   4.5850000e-02	   1.1479966e-14	
   4.5900000e-02	   4.7007103e-14	
   4.5950000e-02	  -1.3513474e-13	
   4.6000000e-02	   2.2436014e-13	
   4.6050000e-02	   3.4073916e-13	
   4.6100000e-02	  -8.5586486e-14	
   4.6150000e-02	  -7.0203175e-15	
   4.6200000e-02	  -3.4569569e-14	
   4.6250000e-02	   4.1562457e-13	
   4.6300000e-02	   1.3713184e-13	
   4.6350000e-02	   6.7869462e-13	
   4.6400000e-02	   5.6345748e-13	
   4.6450000e-02	   8.9619284e-14	
   4.6500000e-02	  -4.6821704e-14	
   4.6550000e-02	  -1.1158354e-13	
   4.6600000e-02	  -1.3279167e-13	
   4.6650000e-02	  -3.9564727e-13	
   4.6700000e-02	   1.2514642e-13	
   4.6750000e-02	   1.3015435e-13	
   4.6800000e-02	  -1.6182544e-13	
   4.6850000e-02	   1.4197693e-13	
   4.6900000e-02	  -8.5396750e-14	
   4.6950000e-02	   1.0021714e-14	
   4.7000000e-02	  -2.6822321e-14	
   4.7050000e-02	   3.2775865e-14	
   4.7100000e-02	  -3.8088521e-13	
   4.7150000e-02	   5.0695559e-14	
   4.7200000e-02	  -2.2827530e-13	
   4.7250000e-02	  -2.6210262e-14	
   4.7300000e-02	  -1.1385700e-13	
   4.7350000e-02	  -5.4982494e-14	
   4.7400000e-02	   3.8443424e-14	
   4.7450000e-02	  -3.4590050e-13	
   4.7500000e-02	  -3.4448692e-13	
   4.7550000e-02	  -1.5550208e-13	
   4.7600000e-02	  -1.3775439e-13	
   4.7650000e-02	   2.0116341e-13	
   4.7700000e-02	   9.7970286e-13	
   4.7750000e-02	   4.5910151e-13	
   4.7800000e-02	   4.8543450e-13	
   4.7850000e-02	   3.5042260e-13	
   4.7900000e-02	  -6.1845548e-14	
   4.7950000e-02	  -1.7412590e-13	
   4.8000000e-02	   5.3247771e-14	
   4.8050000e-02	   5.2917740e-14	
   4.8100000e-02	   2.0515577e-13	
   4.8150000e-02	   3.4976533e-13	
   4.8200000e-02	   4.1437145e-13	
   4.8250000e-02	   3.4089035e-13	
   4.8300000e-02	   1.5272375e-13	
   4.8350000e-02	   7.7989535e-14	
   4.8400000e-02	   6.0833586e-13	
   4.8450000e-02	   7.1345902e-13	
   4.8500000e-02	   7.7767133e-13	
   4.8550000e-02	   4.2134894e-13	
   4.8600000e-02	   1.7949661e-13	
   4.8650000e-02	   1.7390603e-14	
   4.8700000e-02	   2.4344545e-13	
   4.8750000e-02	   3.5029466e-13	
   4.8800000e-02	   1.7274170e-13	
   4.8850000e-02	  -1.3930068e-13	
   4.8900000e-02	   4.1437145e-13	
   4.8950000e-02	   5.7463799e-13	
   4.9000000e-02	   1.1479966e-14	
   4.9050000e-02	   1.2798280e-13	
   4.9100000e-02	  -1.3182814e-13	
   4.9150000e-02	   2.3057251e-13	
   4.9200000e-02	  -2.1130190e-13	
   4.9250000e-02	  -1.4761459e-13	
   4.9300000e-02	  -1.2568625e-13	
   4.9350000e-02	  -2.0285856e-13	
   4.9400000e-02	   1.3000099e-13	
   4.9450000e-02	   3.2906111e-13	
   4.9500000e-02	   5.6925151e-13	
   4.9550000e-02	   5.3515569e-13	
   4.9600000e-02	   3.0779882e-13	
   4.9650000e-02	  -1.2352315e-13	
   4.9700000e-02	  -2.4882158e-13	
   4.9750000e-02	  -5.6525444e-13	
   4.9800000e-02	  -1.8867156e-13	
   4.9850000e-02	   6.0023167e-14	
   4.9900000e-02	   5.2187595e-13	
   4.9950000e-02	   2.3765408e-13	
   5.0000000e-02	  -3.6939711e-13	
