  -0.0000000e+00	
  -6.7715095e-13	
  -1.3305314e-12	
  -1.9607958e-12	
  -2.5685820e-12	
  -3.1545116e-12	
  -3.7191903e-12	
  -4.2632083e-12	
  -4.7871409e-12	
  -5.2915485e-12	
  -5.7769773e-12	
  -6.2439595e-12	
  -6.6930137e-12	
  -7.1246450e-12	
  -7.5393457e-12	
  -7.9375955e-12	
  -8.3198616e-12	
  -8.6865992e-12	
  -9.0382519e-12	
  -9.3752518e-12	
  -9.6980198e-12	
  -1.0006966e-11	
  -1.0302489e-11	
  -1.0584980e-11	
  -1.0854815e-11	
  -1.1112366e-11	
  -1.1357991e-11	
  -1.1592040e-11	
  -1.1814855e-11	
  -1.2026767e-11	
  -1.2228101e-11	
  -1.2419171e-11	
  -1.2600283e-11	
  -1.2771738e-11	
  -1.2933826e-11	
  -1.3086829e-11	
  -1.3231024e-11	
  -1.3366679e-11	
  -1.3494056e-11	
  -1.3613410e-11	
  -1.3724987e-11	
  -1.3829030e-11	
  -1.3925773e-11	
  -1.4015445e-11	
  -1.4098268e-11	
  -1.4174459e-11	
  -1.4244228e-11	
  -1.4307782e-11	
  -1.4365319e-11	
  -1.4417034e-11	
  -1.4463116e-11	
  -1.4503748e-11	
  -1.4539111e-11	
  -1.4569378e-11	
  -1.4594718e-11	
  -1.4615297e-11	
  -1.4631275e-11	
  -1.4642808e-11	
  -1.4650047e-11	
  -1.4653141e-11	
  -1.4652234e-11	
  -1.4647463e-11	
  -1.4638966e-11	
  -1.4626875e-11	
  -1.4611318e-11	
  -1.4592420e-11	
  -1.4570302e-11	
  -1.4545082e-11	
  -1.4516876e-11	
  -1.4485794e-11	
  -1.4451946e-11	
  -1.4415435e-11	
  -1.4376366e-11	
  -1.4334837e-11	
  -1.4290946e-11	
  -1.4244785e-11	
  -1.4196447e-11	
  -1.4146021e-11	
  -1.4093591e-11	
  -1.4039243e-11	
  -1.3983057e-11	
  -1.3925112e-11	
  -1.3865485e-11	
  -1.3804251e-11	
  -1.3741481e-11	
  -1.3677246e-11	
  -1.3611614e-11	
  -1.3544651e-11	
  -1.3476422e-11	
  -1.3406988e-11	
  -1.3336409e-11	
  -1.3264746e-11	
  -1.3192054e-11	
  -1.3118388e-11	
  -1.3043802e-11	
  -1.2968349e-11	
  -1.2892077e-11	
  -1.2815037e-11	
  -1.2737274e-11	
  -1.2658836e-11	
  -1.2579766e-11	
  -1.2500108e-11	
  -1.2419903e-11	
  -1.2339191e-11	
  -1.2258012e-11	
  -1.2176403e-11	
  -1.2094401e-11	
  -1.2012042e-11	
  -1.1929360e-11	
  -1.1846388e-11	
  -1.1763159e-11	
  -1.1679702e-11	
  -1.1596049e-11	
  -1.1512229e-11	
  -1.1428270e-11	
  -1.1344198e-11	
  -1.1260040e-11	
  -1.1175822e-11	
  -1.1091567e-11	
  -1.1007301e-11	
  -1.0923044e-11	
  -1.0838820e-11	
  -1.0754650e-11	
  -1.0670554e-11	
  -1.0586552e-11	
  -1.0502663e-11	
  -1.0418905e-11	
  -1.0335296e-11	
  -1.0251853e-11	
  -1.0168593e-11	
  -1.0085531e-11	
  -1.0002683e-11	
  -9.9200620e-12	
  -9.8376834e-12	
  -9.7555602e-12	
  -9.6737054e-12	
  -9.5921314e-12	
  -9.5108501e-12	
  -9.4298729e-12	
  -9.3492106e-12	
  -9.2688739e-12	
  -9.1888726e-12	
  -9.1092164e-12	
  -9.0299144e-12	
  -8.9509754e-12	
  -8.8724076e-12	
  -8.7942191e-12	
  -8.7164173e-12	
  -8.6390095e-12	
  -8.5620026e-12	
  -8.4854030e-12	
  -8.4092170e-12	
  -8.3334502e-12	
  -8.2581084e-12	
  -8.1831966e-12	
  -8.1087199e-12	
  -8.0346828e-12	
  -7.9610897e-12	
  -7.8879447e-12	
  -7.8152517e-12	
  -7.7430142e-12	
  -7.6712355e-12	
  -7.5999187e-12	
  -7.5290668e-12	
  -7.4586822e-12	
  -7.3887675e-12	
  -7.3193249e-12	
  -7.2503563e-12	
  -7.1818636e-12	
  -7.1138484e-12	
  -7.0463122e-12	
  -6.9792561e-12	
  -6.9126814e-12	
  -6.8465889e-12	
  -6.7809793e-12	
  -6.7158534e-12	
  -6.6512116e-12	
  -6.5870541e-12	
  -6.5233811e-12	
  -6.4601928e-12	
  -6.3974889e-12	
  -6.3352694e-12	
  -6.2735338e-12	
  -6.2122817e-12	
  -6.1515125e-12	
  -6.0912256e-12	
  -6.0314201e-12	
  -5.9720953e-12	
  -5.9132501e-12	
  -5.8548834e-12	
  -5.7969941e-12	
  -5.7395810e-12	
  -5.6826426e-12	
  -5.6261777e-12	
  -5.5701847e-12	
  -5.5146621e-12	
  -5.4596082e-12	
  -5.4050213e-12	
  -5.3508997e-12	
  -5.2972415e-12	
  -5.2440449e-12	
  -5.1913079e-12	
  -5.1390285e-12	
  -5.0872046e-12	
  -5.0358343e-12	
  -4.9849152e-12	
  -4.9344453e-12	
  -4.8844223e-12	
  -4.8348439e-12	
  -4.7857079e-12	
  -4.7370118e-12	
  -4.6887532e-12	
  -4.6409298e-12	
  -4.5935391e-12	
  -4.5465787e-12	
  -4.5000459e-12	
  -4.4539383e-12	
  -4.4082534e-12	
  -4.3629885e-12	
  -4.3181410e-12	
  -4.2737084e-12	
  -4.2296879e-12	
  -4.1860769e-12	
  -4.1428727e-12	
  -4.1000727e-12	
  -4.0576741e-12	
  -4.0156743e-12	
  -3.9740704e-12	
  -3.9328598e-12	
  -3.8920397e-12	
  -3.8516073e-12	
  -3.8115599e-12	
  -3.7718948e-12	
  -3.7326091e-12	
  -3.6937000e-12	
  -3.6551648e-12	
