  -5.7341089e-13	
   1.2858519e-13	
   4.1958885e-13	
   8.4844255e-13	
   9.3288589e-13	
   1.2379748e-12	
   1.4475568e-12	
   1.4027438e-12	
   9.5958097e-13	
   1.1165800e-12	
   3.4228297e-13	
   3.0470569e-13	
   2.8711704e-13	
   4.3359785e-13	
   7.0838109e-13	
   3.1792842e-13	
   1.3339746e-13	
  -2.8437580e-13	
  -4.3736540e-13	
  -8.4728713e-13	
  -8.6365881e-13	
  -5.0010029e-13	
  -9.8125056e-13	
  -6.2112543e-13	
  -8.6611699e-13	
  -9.5449032e-13	
  -1.1667068e-12	
  -1.0113973e-12	
  -8.5820504e-13	
  -2.1296799e-13	
  -3.2335683e-13	
  -4.1807121e-13	
  -6.1973707e-13	
  -1.6432876e-13	
  -2.7214118e-13	
  -1.9661897e-14	
  -7.5270566e-14	
  -1.8664359e-13	
   2.4561401e-13	
   4.9064289e-13	
  -3.0907802e-13	
   5.4786034e-14	
  -3.5321977e-13	
  -3.6067845e-14	
   1.4252081e-12	
   1.0925209e-12	
   1.4773748e-12	
   8.1667867e-13	
   7.3921257e-13	
   9.5834260e-13	
   1.4859571e-13	
   2.4532653e-13	
   1.8206493e-13	
  -1.8872660e-13	
   3.7868410e-14	
   3.7876352e-14	
   8.0702953e-13	
   8.6453799e-13	
  -9.7640065e-14	
   3.1104274e-13	
   3.8670637e-13	
   2.8246014e-13	
   5.7525536e-13	
  -2.1425912e-13	
   3.6392455e-13	
  -2.4178381e-13	
  -1.2080548e-13	
   6.4193212e-13	
   8.0576200e-14	
  -1.0583726e-13	
  -8.4451923e-15	
   1.1413874e-13	
  -2.2335846e-13	
  -3.6003249e-13	
  -5.1490391e-13	
  -3.3179247e-13	
  -7.2096913e-14	
   3.3524074e-13	
  -2.3646498e-13	
  -1.7972930e-13	
  -3.1014702e-13	
  -2.6188437e-14	
  -1.2649835e-12	
  -8.6225318e-13	
  -7.8718958e-13	
  -7.5194847e-13	
  -7.3843296e-13	
   2.5249990e-13	
   7.3431997e-13	
   5.8060551e-14	
  -2.3989127e-13	
  -7.6545048e-13	
  -7.1628129e-13	
  -5.5738873e-13	
  -3.2668341e-13	
   2.0609943e-13	
   6.2902193e-13	
   2.1621222e-13	
  -1.2879378e-13	
   4.9960923e-13	
  -4.1690659e-13	
  -1.0733289e-12	
   8.7051653e-14	
   2.6217573e-13	
   6.4284934e-13	
  -3.2697823e-13	
  -6.0140643e-13	
  -3.8533752e-13	
  -8.5144274e-13	
  -7.4059650e-13	
  -6.3077719e-13	
  -4.0990252e-13	
  -3.9407935e-13	
   7.5068647e-13	
   2.1097077e-13	
   2.4034340e-13	
   5.8613723e-14	
   1.8876070e-13	
   5.2171428e-13	
   3.0244438e-13	
  -1.8052724e-13	
   5.4623583e-13	
   7.6049351e-13	
   5.4139430e-13	
   5.4749543e-13	
   2.4330899e-13	
   5.2317331e-13	
   8.6586478e-13	
  -1.0574640e-13	
  -2.1328224e-13	
  -3.6029308e-13	
   2.4608477e-13	
   6.1406540e-13	
   1.0544736e-12	
   7.1126365e-13	
   6.0939156e-13	
  -5.5178012e-14	
  -9.6744382e-13	
  -7.2562338e-13	
  -7.9547871e-13	
  -4.5628517e-13	
   2.2403474e-13	
  -2.4670283e-13	
   3.4918549e-13	
   2.4903831e-13	
   2.1004554e-13	
   5.6088967e-13	
   7.1658950e-13	
   6.2912251e-13	
   1.5235637e-13	
  -4.4536204e-14	
   4.9045238e-14	
   3.7452547e-13	
   6.3191441e-13	
   7.8560061e-13	
   6.0519293e-14	
   7.2306566e-14	
   2.7243624e-14	
  -4.6893946e-13	
   2.2458489e-13	
  -2.6807528e-13	
  -3.1616649e-13	
  -1.6010957e-13	
  -6.7536714e-14	
  -3.4539018e-13	
  -6.9503782e-13	
  -1.1227690e-12	
  -6.1031676e-13	
   3.9706387e-13	
   2.0238080e-13	
  -5.8990903e-13	
  -3.5444654e-13	
  -1.2259332e-13	
   4.7711242e-13	
   4.5214687e-13	
   1.2412013e-13	
  -6.0237550e-14	
  -1.8526432e-13	
   2.0876942e-13	
   1.6671272e-13	
   4.7580717e-13	
  -7.4727726e-14	
  -2.9826413e-14	
  -2.3441135e-13	
  -2.1302186e-13	
   1.8854400e-13	
   4.8834067e-13	
   3.4676781e-13	
   1.8840432e-13	
  -3.0249938e-13	
  -1.9589470e-13	
  -2.1895630e-13	
  -2.9801397e-13	
  -1.9105406e-13	
   1.7927859e-13	
   1.6243475e-13	
   1.1934956e-13	
   4.8288872e-13	
  -4.0006469e-14	
   1.1395855e-13	
  -4.3403770e-13	
  -3.9351988e-13	
  -3.7820957e-13	
  -5.6503652e-13	
  -9.7797496e-13	
  -3.9913777e-13	
   1.7566993e-13	
   6.4672685e-13	
   6.1237955e-13	
   1.9060959e-13	
  -2.8334564e-13	
  -8.6547954e-13	
  -8.3208979e-13	
   1.4892637e-14	
   3.9200695e-13	
   8.5776954e-13	
   3.2138748e-13	
  -3.8366542e-13	
  -2.6260656e-13	
   4.9640094e-14	
   2.3389993e-13	
   1.4627857e-13	
   6.7100014e-14	
  -3.2945462e-13	
  -4.3620348e-13	
  -3.8664436e-13	
   1.1483283e-13	
  -4.3922442e-14	
   2.1329489e-13	
   1.7171204e-13	
   7.2477540e-14	
   3.0359205e-13	
   7.6940931e-14	
   8.9638037e-14	
   1.9163677e-13	
  -8.5150761e-14	
